%YAML:1.0
---
rects:
   -
      x: 1488
      y: 769
      width: 152
      height: 211
