%YAML:1.0
---
rects:
   -
      center_x: 337.
      center_y: 244.
      width: 104.
      height: 266.
      angle: 90.
   -
      center_x: 1.1242004394531250e+03
      center_y: 1.1850227050781250e+03
      width: 1.2009346008300781e+02
      height: 3.5314157104492188e+02
      angle: 8.8377326965332031e+01
   -
      center_x: 1.4095000000000000e+03
      center_y: 5.2050006103515625e+02
      width: 2.4782786560058594e+02
      height: 8.3134597778320312e+01
      angle: 2.3278150558471680e+00
   -
      center_x: 1.9135001220703125e+03
      center_y: 1.4975000000000000e+03
      width: 1.0409247589111328e+02
      height: 2.0246171569824219e+02
      angle: 8.8567901611328125e+01
   -
      center_x: 3.1480548095703125e+02
      center_y: 1.2265377197265625e+03
      width: 9.4088943481445312e+01
      height: 2.9204281616210938e+02
      angle: 8.9018997192382812e+01
   -
      center_x: 1.4654998779296875e+03
      center_y: 6.6649993896484375e+02
      width: 1.6899996948242188e+02
      height: 8.2999984741210938e+01
      angle: 0.
   -
      center_x: 3.0899996948242188e+02
      center_y: 6.6649993896484375e+02
      width: 7.3156921386718750e+01
      height: 2.0668109130859375e+02
      angle: 8.7207290649414062e+01
   -
      center_x: 427.
      center_y: 5.5950000000000000e+02
      width: 67.
      height: 138.
      angle: 90.
   -
      center_x: 1.1765000000000000e+03
      center_y: 1.4140001220703125e+03
      width: 1.7014178466796875e+02
      height: 7.3244606018066406e+01
      angle: 5.0721330642700195e+00
   -
      center_x: 2.7600003051757812e+02
      center_y: 5.6750000000000000e+02
      width: 6.7959045410156250e+01
      height: 1.4644645690917969e+02
      angle: 8.8011360168457031e+01
   -
      center_x: 1701.
      center_y: 1.3564998779296875e+03
      width: 1.0899998474121094e+02
      height: 1.3799996948242188e+02
      angle: 90.
   -
      center_x: 2.7850000000000000e+02
      center_y: 1594.
      width: 94.
      height: 199.
      angle: 90.
   -
      center_x: 1.7089998779296875e+03
      center_y: 1.5024998779296875e+03
      width: 9.4106750488281250e+01
      height: 1.7129190063476562e+02
      angle: 8.8305351257324219e+01
   -
      center_x: 2.7850000000000000e+02
      center_y: 1.4794998779296875e+03
      width: 8.2999984741210938e+01
      height: 2.0899996948242188e+02
      angle: 90.
   -
      center_x: 1832.
      center_y: 1.1924998779296875e+03
      width: 8.2999984741210938e+01
      height: 2.6599993896484375e+02
      angle: 90.
   -
      center_x: 662.
      center_y: 4.8649996948242188e+02
      width: 1.0983821868896484e+02
      height: 6.3785301208496094e+01
      angle: 8.4269685745239258e+00
   -
      center_x: 1.7165000000000000e+03
      center_y: 294.
      width: 68.
      height: 231.
      angle: 90.
   -
      center_x: 1105.
      center_y: 1.5129998779296875e+03
      width: 2.0584994506835938e+02
      height: 7.2978080749511719e+01
      angle: 1.4040272235870361e+00
   -
      center_x: 281.
      center_y: 4.8450000000000000e+02
      width: 73.
      height: 144.
      angle: 90.
   -
      center_x: 1.6374998779296875e+03
      center_y: 552.
      width: 1.5026893615722656e+02
      height: 9.3189346313476562e+01
      angle: 4.2222299575805664e+00
   -
      center_x: 322.
      center_y: 1.3330001220703125e+03
      width: 1.1008807373046875e+02
      height: 2.5344151306152344e+02
      angle: 8.8630645751953125e+01
   -
      center_x: 2.5550000000000000e+02
      center_y: 3.8249996948242188e+02
      width: 1.2299998474121094e+02
      height: 8.8999984741210938e+01
      angle: 0.
   -
      center_x: 2.9458114624023438e+02
      center_y: 1.7009580078125000e+03
      width: 1.6907394409179688e+02
      height: 7.3115936279296875e+01
      angle: 1.6946470737457275e+00
   -
      center_x: 1596.
      center_y: 6.8749993896484375e+02
      width: 8.2999984741210938e+01
      height: 1.0199998474121094e+02
      angle: 90.
   -
      center_x: 1.1635000000000000e+03
      center_y: 1.3075000000000000e+03
      width: 169.
      height: 73.
      angle: 0.
