%YAML:1.0
---
rects:
   -
      x: 675
      y: 263
      width: 192
      height: 247
