%YAML:1.0
---
rects:
   -
      center_x: 1.4459505615234375e+03
      center_y: 7.9411975097656250e+02
      width: 1.1403945159912109e+02
      height: 2.3718101501464844e+02
      angle: 8.8492568969726562e+01
   -
      center_x: 7.3050000000000000e+02
      center_y: 160.
      width: 7.5044288635253906e+01
      height: 3.1610977172851562e+02
      angle: 8.6537284851074219e+01
   -
      center_x: 3.8449993896484375e+02
      center_y: 7.8250000000000000e+02
      width: 1.0403258514404297e+02
      height: 4.4189953613281250e+02
      angle: 8.7527397155761719e+01
