%YAML:1.0
---
rects:
   -
      x: 969
      y: 339
      width: 225
      height: 329
