%YAML:1.0
---
rects:
   -
      center_x: 1617.
      center_y: 1.1015000000000000e+03
      width: 1.1363403320312500e+02
      height: 4.7697830200195312e+02
      angle: 8.4217613220214844e+01
   -
      center_x: 1.0855000000000000e+03
      center_y: 1.7850000000000000e+02
      width: 101.
      height: 127.
      angle: 90.
   -
      center_x: 8.3200012207031250e+02
      center_y: 1.6050000000000000e+02
      width: 1.4106282043457031e+02
      height: 2.4773022460937500e+02
      angle: 8.9064643859863281e+01
   -
      center_x: 1.2065006103515625e+03
      center_y: 2.0236672973632812e+02
      width: 9.0354850769042969e+01
      height: 1.0166580200195312e+02
      angle: 5.0796079635620117e+00
   -
      center_x: 5.4150000000000000e+02
      center_y: 1.0875000000000000e+03
      width: 85.
      height: 413.
      angle: 90.
