%YAML:1.0
---
rects:
   -
      center_x: 1.1275000000000000e+03
      center_y: 1.9349996948242188e+02
      width: 3.3099993896484375e+02
      height: 9.6999984741210938e+01
      angle: 0.
   -
      center_x: 1.2159998779296875e+03
      center_y: 515.
      width: 1.3480024719238281e+02
      height: 8.8435821533203125e+01
      angle: 1.1733084678649902e+01
   -
      center_x: 6.6450000000000000e+02
      center_y: 3.5850000000000000e+02
      width: 91.
      height: 161.
      angle: 90.
   -
      center_x: 8.5268225097656250e+02
      center_y: 6.1742114257812500e+02
      width: 1.6676928710937500e+02
      height: 9.7607894897460938e+01
      angle: 5.5054779052734375e+00
   -
      center_x: 9.6054772949218750e+02
      center_y: 3.4497186279296875e+02
      width: 1.0809535980224609e+02
      height: 3.7213439941406250e+02
      angle: 8.8460159301757812e+01
   -
      center_x: 1.3926475830078125e+03
      center_y: 5.0653408813476562e+02
      width: 2.0208912658691406e+02
      height: 9.1108345031738281e+01
      angle: 1.7013546228408813e+00
   -
      center_x: 1.0149677124023438e+03
      center_y: 4.7713003540039062e+02
      width: 2.0280531311035156e+02
      height: 9.8133506774902344e+01
      angle: 7.6506509780883789e+00
   -
      center_x: 1.2667122802734375e+03
      center_y: 1.3032863769531250e+03
      width: 9.8026741027832031e+01
      height: 1.7681915283203125e+02
      angle: 8.4482864379882812e+01
   -
      center_x: 7.7045281982421875e+02
      center_y: 1.7127105712890625e+02
      width: 1.3009611511230469e+02
      height: 2.2225872802734375e+02
      angle: 8.7797401428222656e+01
   -
      center_x: 1177.
      center_y: 620.
      width: 1.8537962341308594e+02
      height: 1.0408838653564453e+02
      angle: 1.1872250556945801e+01
   -
      center_x: 8.4849993896484375e+02
      center_y: 4.7700003051757812e+02
      width: 1.5184899902343750e+02
      height: 9.7112739562988281e+01
      angle: 1.9091525077819824e+00
