%YAML:1.0
---
rects:
   -
      x: 905
      y: 670
      width: 228
      height: 296
