%YAML:1.0
---
rects:
   -
      center_x: 3.9399990844726562e+02
      center_y: 8.2949987792968750e+02
      width: 6.7029258728027344e+01
      height: 6.2448712158203125e+02
      angle: 8.8531196594238281e+01
   -
      center_x: 3.2275579833984375e+02
      center_y: 1.4849392700195312e+02
      width: 1.0504159545898438e+02
      height: 4.2211846923828125e+02
      angle: 8.8642532348632812e+01
   -
      center_x: 4.6700051879882812e+02
      center_y: 9.4601953125000000e+02
      width: 7.7025970458984375e+01
      height: 3.4811633300781250e+02
      angle: 8.8512130737304688e+01
