%YAML:1.0
---
rects:
   -
      x: 268
      y: 426
      width: 134
      height: 277
