%YAML:1.0
---
rects:
   -
      x: 295
      y: 414
      width: 130
      height: 213
