%YAML:1.0
---
rects:
   -
      center_x: 6.6700012207031250e+02
      center_y: 9.4750000000000000e+02
      width: 8.2018280029296875e+01
      height: 2.4701820373535156e+02
      angle: 8.9301307678222656e+01
   -
      center_x: 2.2349998474121094e+02
      center_y: 949.
      width: 7.5026634216308594e+01
      height: 2.5317192077636719e+02
      angle: 8.8415145874023438e+01
   -
      center_x: 269.
      center_y: 7.6450006103515625e+02
      width: 9.9017639160156250e+01
      height: 2.9282165527343750e+02
      angle: 8.8430641174316406e+01
   -
      center_x: 4.4500012207031250e+02
      center_y: 250.
      width: 4.7034488677978516e+01
      height: 4.4369326782226562e+02
      angle: 8.6504371643066406e+01
   -
      center_x: 3.6658642578125000e+02
      center_y: 1.2446430969238281e+02
      width: 8.6117790222167969e+01
      height: 2.7414779663085938e+02
      angle: 8.8118690490722656e+01
   -
      center_x: 1.6672335815429688e+02
      center_y: 2.5550851440429688e+02
      width: 4.7039276123046875e+01
      height: 1.3006152343750000e+02
      angle: 8.8237609863281250e+01
   -
      center_x: 4.0251693725585938e+02
      center_y: 9.5269476318359375e+02
      width: 8.2024375915527344e+01
      height: 1.8909008789062500e+02
      angle: 8.8602821350097656e+01
