%YAML:1.0
---
rects:
   -
      center_x: 6.0299993896484375e+02
      center_y: 8.8599993896484375e+02
      width: 8.4042068481445312e+01
      height: 3.1444705200195312e+02
      angle: 8.8901809692382812e+01
   -
      center_x: 2.4576454162597656e+02
      center_y: 8.7548706054687500e+02
      width: 8.7038276672363281e+01
      height: 3.5505068969726562e+02
      angle: 8.9031715393066406e+01
   -
      center_x: 1.6205000000000000e+03
      center_y: 1.0565000000000000e+03
      width: 111.
      height: 437.
      angle: 90.
   -
      center_x: 9.1649060058593750e+02
      center_y: 1.7598837280273438e+02
      width: 8.5047271728515625e+01
      height: 3.7910684204101562e+02
      angle: 8.8639663696289062e+01
   -
      center_x: 1551.
      center_y: 838.
      width: 84.
      height: 226.
      angle: 90.
   -
      center_x: 1946.
      center_y: 1.0354998779296875e+03
      width: 7.8046760559082031e+01
      height: 1.6455302429199219e+02
      angle: 8.6839645385742188e+01
   -
      center_x: 1.7365000000000000e+03
      center_y: 847.
      width: 6.9055580139160156e+01
      height: 1.1319153594970703e+02
      angle: 8.8465660095214844e+01
   -
      center_x: 847.
      center_y: 2.9050000000000000e+02
      width: 69.
      height: 250.
      angle: 90.
