%YAML:1.0
---
rects:
   -
      x: 935
      y: 438
      width: 109
      height: 184
