%YAML:1.0
---
rects:
   -
      center_x: 2.1600003051757812e+02
      center_y: 9.3850012207031250e+02
      width: 1.0031165313720703e+02
      height: 2.7240884399414062e+02
      angle: 8.4709915161132812e+01
   -
      center_x: 1.7280247802734375e+03
      center_y: 8.7204431152343750e+02
      width: 8.8090866088867188e+01
      height: 2.6232006835937500e+02
      angle: 8.7397445678710938e+01
   -
      center_x: 1.0101700439453125e+03
      center_y: 3.1041558837890625e+02
      width: 3.3166549682617188e+02
      height: 8.4337982177734375e+01
      angle: 3.6302139759063721e+00
   -
      center_x: 2186.
      center_y: 8.5500006103515625e+02
      width: 1.0407553100585938e+02
      height: 3.6073294067382812e+02
      angle: 8.8090850830078125e+01
   -
      center_x: 1.4435922851562500e+03
      center_y: 3.3366152954101562e+02
      width: 1.3550570678710938e+02
      height: 5.8137763977050781e+01
      angle: 3.9451858997344971e+00
   -
      center_x: 8.8441601562500000e+02
      center_y: 4.6101797485351562e+02
      width: 9.2079498291015625e+01
      height: 1.3006152343750000e+02
      angle: 8.8237609863281250e+01
   -
      center_x: 1413.
      center_y: 164.
      width: 96.
      height: 290.
      angle: 90.
   -
      center_x: 6.3950000000000000e+02
      center_y: 9.3850000000000000e+02
      width: 9.2050407409667969e+01
      height: 2.4020138549804688e+02
      angle: 8.5897209167480469e+01
   -
      center_x: 8.0300006103515625e+02
      center_y: 9.3450006103515625e+02
      width: 7.5154937744140625e+01
      height: 1.6451362609863281e+02
      angle: 8.7190193176269531e+01
   -
      center_x: 1.3105000000000000e+03
      center_y: 325.
      width: 135.
      height: 76.
      angle: 0.
   -
      center_x: 1126.
      center_y: 4.5850003051757812e+02
      width: 7.1071342468261719e+01
      height: 1.8246606445312500e+02
      angle: 8.8726966857910156e+01
   -
      center_x: 1.0159143676757812e+03
      center_y: 1.3665687561035156e+02
      width: 1.1031767272949219e+02
      height: 1.5520631408691406e+02
      angle: 2.9545798301696777e+00
   -
      center_x: 3.9649996948242188e+02
      center_y: 949.
      width: 1.1499998474121094e+02
      height: 7.9999984741210938e+01
      angle: 0.
   -
      center_x: 437.
      center_y: 1.1245000000000000e+03
      width: 1.1305876922607422e+02
      height: 1.6184782409667969e+02
      angle: 8.7137596130371094e+01
   -
      center_x: 1.4030754394531250e+03
      center_y: 4.6020068359375000e+02
      width: 1.2159770202636719e+02
      height: 6.3965030670166016e+01
      angle: 1.1864390373229980e+01
