%YAML:1.0
---
rects:
   -
      x: 1166
      y: 517
      width: 169
      height: 183
