%YAML:1.0
---
rects:
   -
      x: 489
      y: 461
      width: 84
      height: 137
