%YAML:1.0
---
rects:
   -
      center_x: 3.6441183471679688e+02
      center_y: 3.8864706420898438e+02
      width: 4.8896125793457031e+01
      height: 1.5232856750488281e+02
      angle: 8.6268600463867188e+01
   -
      center_x: 9.0350012207031250e+02
      center_y: 8.6000012207031250e+02
      width: 6.9260055541992188e+01
      height: 1.5575636291503906e+02
      angle: 8.5205772399902344e+01
   -
      center_x: 3.1086376953125000e+02
      center_y: 8.0444244384765625e+02
      width: 1.0120546722412109e+02
      height: 1.4212670898437500e+02
      angle: 8.7580482482910156e+01
   -
      center_x: 1.8044198608398438e+02
      center_y: 8.0260058593750000e+02
      width: 9.4996063232421875e+01
      height: 1.5532226562500000e+02
      angle: 8.6308616638183594e+01
   -
      center_x: 5.8250006103515625e+02
      center_y: 3.8650003051757812e+02
      width: 7.7987113952636719e+01
      height: 1.6644523620605469e+02
      angle: 8.8958374023437500e+01
   -
      center_x: 360.
      center_y: 300.
      width: 4.8986110687255859e+01
      height: 1.2720204162597656e+02
      angle: 8.8636070251464844e+01
   -
      center_x: 6.3391564941406250e+02
      center_y: 7.8354205322265625e+02
      width: 1.2437055206298828e+02
      height: 2.2936854553222656e+02
      angle: 8.6689056396484375e+01
   -
      center_x: 8.9850000000000000e+02
      center_y: 7.6499993896484375e+02
      width: 1.6499996948242188e+02
      height: 8.1999984741210938e+01
      angle: 0.
   -
      center_x: 7.4849084472656250e+02
      center_y: 3.7808157348632812e+02
      width: 5.5918361663818359e+01
      height: 7.4108032226562500e+01
      angle: 8.6905944824218750e+01
   -
      center_x: 5.9777850341796875e+02
      center_y: 1.6897207641601562e+02
      width: 1.5511610412597656e+02
      height: 6.6105331420898438e+01
      angle: 2.2167942523956299e+00
   -
      center_x: 9.1157080078125000e+02
      center_y: 9.4296429443359375e+02
      width: 6.2072536468505859e+01
      height: 8.4240150451660156e+01
      angle: 8.7229789733886719e+01
   -
      center_x: 9.7425714111328125e+02
      center_y: 9.4950988769531250e+02
      width: 6.2070629119873047e+01
      height: 7.4060775756835938e+01
      angle: 8.7678474426269531e+01
   -
      center_x: 5.4350000000000000e+02
      center_y: 2.9650000000000000e+02
      width: 119.
      height: 91.
      angle: 0.
   -
      center_x: 6.3250000000000000e+02
      center_y: 2.9650000000000000e+02
      width: 9.1667602539062500e+01
      height: 7.2326011657714844e+01
      angle: 4.4473843574523926e+00
