%YAML:1.0
---
rects:
   -
      center_x: 5.0900006103515625e+02
      center_y: 153.
      width: 7.9056457519531250e+01
      height: 3.7749975585937500e+02
      angle: 8.8025070190429688e+01
   -
      center_x: 7.5816259765625000e+02
      center_y: 6.3151007080078125e+02
      width: 7.8054756164550781e+01
      height: 3.0213409423828125e+02
      angle: 8.8293014526367188e+01
   -
      center_x: 2.6950000000000000e+02
      center_y: 6.7799993896484375e+02
      width: 6.9060173034667969e+01
      height: 1.6308186340332031e+02
      angle: 8.6820167541503906e+01
   -
      center_x: 5.1976959228515625e+02
      center_y: 3.1138800048828125e+02
      width: 6.3019866943359375e+01
      height: 1.3652839660644531e+02
      angle: 8.4957550048828125e+01
   -
      center_x: 2.1050000000000000e+02
      center_y: 7.9700006103515625e+02
      width: 1.9415788269042969e+02
      height: 7.2991180419921875e+01
      angle: 8.9053630828857422e-01
   -
      center_x: 3.6372116088867188e+02
      center_y: 2.5897961425781250e+02
      width: 5.0979579925537109e+01
      height: 1.0604242706298828e+02
      angle: 8.8378852844238281e+01
   -
      center_x: 7.1154638671875000e+02
      center_y: 7.3686206054687500e+02
      width: 8.8051132202148438e+01
      height: 1.8419982910156250e+02
      angle: 8.8047485351562500e+01
