%YAML:1.0
---
rects:
   -
      x: 429
      y: 366
      width: 90
      height: 129
