%YAML:1.0
---
rects:
   -
      x: 369
      y: 264
      width: 228
      height: 114
