%YAML:1.0
---
rects:
   -
      center_x: 7.5698529052734375e+02
      center_y: 1.3750042724609375e+02
      width: 6.8029403686523438e+01
      height: 1.7010292053222656e+02
      angle: 8.8315315246582031e+01
   -
      center_x: 7.6050000000000000e+02
      center_y: 4.5550000000000000e+02
      width: 6.9998023986816406e+01
      height: 2.3123640441894531e+02
      angle: 8.8256759643554688e+01
   -
      center_x: 2.5851983642578125e+02
      center_y: 3.2950628662109375e+02
      width: 7.9019477844238281e+01
      height: 1.5201315307617188e+02
      angle: 8.9246154785156250e+01
   -
      center_x: 5.9646984863281250e+02
      center_y: 4.6400186157226562e+02
      width: 6.6121101379394531e+01
      height: 9.9242149353027344e+01
      angle: 8.6531768798828125e+01
   -
      center_x: 115.
      center_y: 3.3150000000000000e+02
      width: 8.5003845214843750e+01
      height: 1.0760737609863281e+02
      angle: 8.8929176330566406e+01
