%YAML:1.0
---
rects:
   -
      x: 601
      y: 487
      width: 111
      height: 547
   -
      x: 1905
      y: 551
      width: 129
      height: 415
