%YAML:1.0
---
rects:
   -
      x: 1069
      y: 258
      width: 78
      height: 91
