%YAML:1.0
---
rects:
   -
      center_x: 773.
      center_y: 1.9350000000000000e+02
      width: 1.2009851074218750e+02
      height: 3.3259786987304688e+02
      angle: 8.7059898376464844e+01
   -
      center_x: 1.5995001220703125e+03
      center_y: 1.2230001220703125e+03
      width: 1.2311349487304688e+02
      height: 8.2146614074707031e+01
      angle: 2.8155567646026611e+00
   -
      center_x: 2.2735000000000000e+03
      center_y: 2.4550000000000000e+02
      width: 77.
      height: 163.
      angle: 90.
   -
      center_x: 1.6921628417968750e+03
      center_y: 1.0589737548828125e+03
      width: 3.5103561401367188e+02
      height: 9.3061782836914062e+01
      angle: 8.1612396240234375e-01
   -
      center_x: 2.0165000000000000e+03
      center_y: 1223.
      width: 8.1992492675781250e+01
      height: 4.4415118408203125e+02
      angle: 8.9224037170410156e+01
   -
      center_x: 2.1210805664062500e+03
      center_y: 2.5731823730468750e+02
      width: 8.2152297973632812e+01
      height: 2.1956779479980469e+02
      angle: 8.6510681152343750e+01
   -
      center_x: 1.9125000000000000e+03
      center_y: 2.5600003051757812e+02
      width: 1.0910086822509766e+02
      height: 1.8007221984863281e+02
      angle: 8.6463752746582031e+01
   -
      center_x: 4.3200006103515625e+02
      center_y: 2.0450000000000000e+02
      width: 1.5308117675781250e+02
      height: 1.9947718811035156e+02
      angle: 8.8273010253906250e+01
   -
      center_x: 1.7686228027343750e+03
      center_y: 1.2096231689453125e+03
      width: 8.7099670410156250e+01
      height: 1.7971368408203125e+02
      angle: 8.4892166137695312e+01
   -
      center_x: 5.1425726318359375e+02
      center_y: 1.1439681396484375e+03
      width: 2.3407688903808594e+02
      height: 9.8095962524414062e+01
      angle: 1.4688007831573486e+00
   -
      center_x: 440.
      center_y: 3.8750000000000000e+02
      width: 1.5843325805664062e+02
      height: 1.4242155456542969e+02
      angle: 4.0078043937683105e+00
   -
      center_x: 1.1008276367187500e+03
      center_y: 2.8524038696289062e+02
      width: 8.6074180603027344e+01
      height: 2.0298768615722656e+02
      angle: 5.6544208526611328e+00
