%YAML:1.0
---
rects:
   -
      center_x: 3.2121887207031250e+02
      center_y: 4.7303396606445312e+02
      width: 8.2009483337402344e+01
      height: 1.8417384338378906e+02
      angle: 8.7510444641113281e+01
   -
      center_x: 3.2250003051757812e+02
      center_y: 1.0850000000000000e+02
      width: 1.0907267761230469e+02
      height: 1.4950970458984375e+02
      angle: 8.7694030761718750e+01
