%YAML:1.0
---
rects:
   -
      x: 297
      y: 217
      width: 66
      height: 170
