%YAML:1.0
---
rects:
   -
      center_x: 2.4280114746093750e+02
      center_y: 2.6197009277343750e+02
      width: 4.2970096588134766e+01
      height: 1.3409324645996094e+02
      angle: 8.7863090515136719e+01
   -
      center_x: 435.
      center_y: 244.
      width: 70.
      height: 134.
      angle: 90.
   -
      center_x: 2.5153356933593750e+02
      center_y: 7.4959240722656250e+02
      width: 5.3084835052490234e+01
      height: 1.3828807067871094e+02
      angle: 8.6760299682617188e+01
   -
      center_x: 3.0600064086914062e+02
      center_y: 6.1552526855468750e+02
      width: 7.9025306701660156e+01
      height: 1.6004997253417969e+02
      angle: 8.8549781799316406e+01
   -
      center_x: 5.3150000000000000e+02
      center_y: 8.1050000000000000e+02
      width: 1.4499996948242188e+02
      height: 6.0999992370605469e+01
      angle: 0.
   -
      center_x: 2.8508978271484375e+02
      center_y: 1.2351004791259766e+02
      width: 2.1700921630859375e+02
      height: 8.9023880004882812e+01
      angle: 5.2805674076080322e-01
   -
      center_x: 5.0666735839843750e+02
      center_y: 7.1901586914062500e+02
      width: 7.0111030578613281e+01
      height: 8.4095184326171875e+01
      angle: 8.7273689270019531e+01
   -
      center_x: 3.0049996948242188e+02
      center_y: 8.2250000000000000e+02
      width: 6.4070274353027344e+01
      height: 2.3627316284179688e+02
      angle: 8.7331367492675781e+01
   -
      center_x: 5.5799163818359375e+02
      center_y: 7.5434118652343750e+02
      width: 5.4032707214355469e+01
      height: 8.2024375915527344e+01
      angle: 1.3971810340881348e+00
