%YAML:1.0
---
rects:
   -
      x: 294
      y: 369
      width: 65
      height: 182
