%YAML:1.0
---
rects:
   -
      center_x: 9.5900012207031250e+02
      center_y: 6.4000006103515625e+02
      width: 6.4770973205566406e+01
      height: 2.5540696716308594e+02
      angle: 8.1869895935058594e+01
   -
      center_x: 1.7900001525878906e+02
      center_y: 6.3550000000000000e+02
      width: 8.2053871154785156e+01
      height: 2.1758711242675781e+02
      angle: 8.7625038146972656e+01
   -
      center_x: 5.4569567871093750e+02
      center_y: 1.1542826080322266e+02
      width: 9.0018112182617188e+01
      height: 3.5062942504882812e+02
      angle: 8.6566368103027344e+01
   -
      center_x: 248.
      center_y: 804.
      width: 126.
      height: 54.
      angle: 0.
   -
      center_x: 6.0902270507812500e+02
      center_y: 8.9900103759765625e+02
      width: 1.1301966857910156e+02
      height: 6.9201278686523438e+01
      angle: 2.6025619506835938e+00
   -
      center_x: 1.6128268432617188e+02
      center_y: 8.9345794677734375e+02
      width: 8.5038475036621094e+01
      height: 1.8626861572265625e+02
      angle: 8.6922546386718750e+01
   -
      center_x: 3.6073165893554688e+02
      center_y: 2.6345458984375000e+02
      width: 7.2047561645507812e+01
      height: 1.4527903747558594e+02
      angle: 8.6448265075683594e+01
   -
      center_x: 5.8549993896484375e+02
      center_y: 262.
      width: 7.8057052612304688e+01
      height: 1.7441357421875000e+02
      angle: 8.8025070190429688e+01
   -
      center_x: 1.2550000000000000e+02
      center_y: 744.
      width: 4.8162513732910156e+01
      height: 8.5821754455566406e+01
      angle: 8.5962287902832031e+01
   -
      center_x: 261.
      center_y: 9.4150000000000000e+02
      width: 6.6061195373535156e+01
      height: 9.8004684448242188e+01
      angle: 8.8228530883789062e+01
   -
      center_x: 4.9236892700195312e+02
      center_y: 8.3155877685546875e+02
      width: 7.0064254760742188e+01
      height: 6.3941299438476562e+01
      angle: 2.4540317058563232e+00
