%YAML:1.0
---
rects:
   -
      x: 461
      y: 385
      width: 96
      height: 104
