%YAML:1.0
---
rects:
   -
      center_x: 4.4649993896484375e+02
      center_y: 5.2600006103515625e+02
      width: 6.0029468536376953e+01
      height: 1.7985958862304688e+02
      angle: 8.7440994262695312e+01
   -
      center_x: 1.3450000000000000e+02
      center_y: 2.9700003051757812e+02
      width: 6.4031242370605469e+01
      height: 1.2707872009277344e+02
      angle: 8.8196006774902344e+01
   -
      center_x: 3.4850003051757812e+02
      center_y: 299.
      width: 1.6253935241699219e+02
      height: 9.2010665893554688e+01
      angle: 2.1342587471008301e+00
   -
      center_x: 2.1099998474121094e+02
      center_y: 1.5150000000000000e+02
      width: 9.8999984741210938e+01
      height: 2.4599996948242188e+02
      angle: 90.
   -
      center_x: 5.5550000000000000e+02
      center_y: 3.7550000000000000e+02
      width: 6.7104873657226562e+01
      height: 1.5087391662597656e+02
      angle: 8.5395515441894531e+01
   -
      center_x: 2.9650000000000000e+02
      center_y: 3.9650000000000000e+02
      width: 7.5026657104492188e+01
      height: 1.4906707763671875e+02
      angle: 8.8462226867675781e+01
   -
      center_x: 1.2151151275634766e+02
      center_y: 4.2495541381835938e+02
      width: 8.0974052429199219e+01
      height: 1.1706375885009766e+02
      angle: 8.8549781799316406e+01
