%YAML:1.0
---
rects:
   -
      center_x: 5.1850000000000000e+02
      center_y: 5.3149993896484375e+02
      width: 3.5277698516845703e+01
      height: 1.3472001647949219e+02
      angle: 8.5667694091796875e+01
   -
      center_x: 3.1450000000000000e+02
      center_y: 2.3750000000000000e+02
      width: 5.8137065887451172e+01
      height: 2.0383836364746094e+02
      angle: 8.5774002075195312e+01
   -
      center_x: 6.1999603271484375e+02
      center_y: 9.8136590576171875e+02
      width: 6.7029846191406250e+01
      height: 1.9209353637695312e+02
      angle: 8.8290184020996094e+01
   -
      center_x: 2.4850001525878906e+02
      center_y: 523.
      width: 6.4038093566894531e+01
      height: 1.3404521179199219e+02
      angle: 8.9131942749023438e+01
   -
      center_x: 305.
      center_y: 1.0135000610351562e+03
      width: 5.8963390350341797e+01
      height: 4.1040447235107422e+01
      angle: 3.9451858997344971e+00
   -
      center_x: 1.6205517578125000e+02
      center_y: 6.1116210937500000e+02
      width: 4.8166381835937500e+01
      height: 1.1651281738281250e+02
      angle: 8.5236351013183594e+01
   -
      center_x: 5.0156008911132812e+02
      center_y: 8.8869055175781250e+02
      width: 4.6173580169677734e+01
      height: 9.9494102478027344e+01
      angle: 8.5030258178710938e+01
   -
      center_x: 1.1600001525878906e+02
      center_y: 1.0105000000000000e+03
      width: 5.6406158447265625e+01
      height: 1.4342713928222656e+02
      angle: 8.4732299804687500e+01
   -
      center_x: 4.8307983398437500e+02
      center_y: 1.3148722839355469e+02
      width: 7.1030525207519531e+01
      height: 1.6901182556152344e+02
      angle: 8.9321975708007812e+01
   -
      center_x: 2.8796014404296875e+02
      center_y: 3.1454330444335938e+02
      width: 4.8041645050048828e+01
      height: 1.2218564605712891e+02
      angle: 8.7614059448242188e+01
   -
      center_x: 3.4677325439453125e+02
      center_y: 5.2501892089843750e+02
      width: 5.5981117248535156e+01
      height: 7.7025970458984375e+01
      angle: 8.8512130737304688e+01
   -
      center_x: 2.3550000000000000e+02
      center_y: 1003.
      width: 54.
      height: 79.
      angle: 90.
   -
      center_x: 622.
      center_y: 8.7550000000000000e+02
      width: 65.
      height: 88.
      angle: 90.
   -
      center_x: 4.6199996948242188e+02
      center_y: 300.
      width: 9.8836563110351562e+01
      height: 5.8028732299804688e+01
      angle: 1.1691393852233887e+00
   -
      center_x: 9.9500000000000000e+01
      center_y: 1.0925000000000000e+03
      width: 111.
      height: 71.
      angle: 0.
   -
      center_x: 5.1435400390625000e+02
      center_y: 2.2300736999511719e+02
      width: 9.6020820617675781e+01
      height: 6.2028205871582031e+01
      angle: 1.1934894323348999e+00
   -
      center_x: 278.
      center_y: 3.7049996948242188e+02
      width: 5.4024837493896484e+01
      height: 1.2135205078125000e+02
      angle: 8.6661529541015625e+01
   -
      center_x: 2.4136938476562500e+02
      center_y: 1.0830080566406250e+03
      width: 9.2021736145019531e+01
      height: 5.8029769897460938e+01
      angle: 1.2453643083572388e+00
   -
      center_x: 1.6756344604492188e+02
      center_y: 6.7488830566406250e+02
      width: 4.4030677795410156e+01
      height: 8.2219093322753906e+01
      angle: 8.5914382934570312e+01
   -
      center_x: 6.0600006103515625e+02
      center_y: 2.7400003051757812e+02
      width: 6.3348026275634766e+01
      height: 1.1568502044677734e+02
      angle: 1.1990835189819336e+01
   -
      center_x: 2.9897210693359375e+02
      center_y: 6.5802557373046875e+02
      width: 6.3022880554199219e+01
      height: 1.0312129211425781e+02
      angle: 8.7220832824707031e+01
   -
      center_x: 680.
      center_y: 8.9450000000000000e+02
      width: 77.
      height: 62.
      angle: 90.
   -
      center_x: 3.0252276611328125e+02
      center_y: 5.9768261718750000e+02
      width: 6.0033332824707031e+01
      height: 7.9089408874511719e+01
      angle: 8.8090850830078125e+01
