%YAML:1.0
---
rects:
   -
      x: 459
      y: 351
      width: 41
      height: 36
