%YAML:1.0
---
rects:
   -
      center_x: 6.2050000000000000e+02
      center_y: 3.4900003051757812e+02
      width: 5.6319419860839844e+01
      height: 1.4225727844238281e+02
      angle: 8.3526039123535156e+01
   -
      center_x: 5.9150000000000000e+02
      center_y: 4.8850000000000000e+02
      width: 2.4499996948242188e+02
      height: 8.0999984741210938e+01
      angle: 0.
   -
      center_x: 412.
      center_y: 147.
      width: 7.7997322082519531e+01
      height: 2.4265283203125000e+02
      angle: 8.9526489257812500e+01
   -
      center_x: 7.1249993896484375e+02
      center_y: 3.4950003051757812e+02
      width: 4.1191963195800781e+01
      height: 9.3814834594726562e+01
      angle: 8.5083435058593750e+01
