%YAML:1.0
---
rects:
   -
      center_x: 4.0327239990234375e+02
      center_y: 2.0399009704589844e+02
      width: 4.0046260833740234e+01
      height: 1.1007270050048828e+02
      angle: 8.7917434692382812e+01
   -
      center_x: 2.3049996948242188e+02
      center_y: 1.2000002288818359e+02
      width: 4.6378631591796875e+01
      height: 1.3352911376953125e+02
      angle: 8.1319580078125000e+01
   -
      center_x: 6.0299993896484375e+02
      center_y: 196.
      width: 6.1995906829833984e+01
      height: 1.7472409057617188e+02
      angle: 8.9341461181640625e+01
   -
      center_x: 4.7950006103515625e+02
      center_y: 1.0250000000000000e+02
      width: 8.7021423339843750e+01
      height: 2.0760845947265625e+02
      angle: 8.8339714050292969e+01
   -
      center_x: 323.
      center_y: 598.
      width: 5.6031360626220703e+01
      height: 8.6720733642578125e+01
      angle: 8.8667778015136719e+01
   -
      center_x: 2.1901554870605469e+02
      center_y: 5.0801083374023438e+02
      width: 9.5021057128906250e+01
      height: 4.6031906127929688e+01
      angle: 1.2060488462448120e+00
   -
      center_x: 377.
      center_y: 504.
      width: 6.5343101501464844e+01
      height: 4.1979507446289062e+01
      angle: 1.7899105548858643e+00
   -
      center_x: 398.
      center_y: 6.0850000000000000e+02
      width: 5.7496368408203125e+01
      height: 4.7023052215576172e+01
      angle: 4.0856165885925293e+00
   -
      center_x: 650.
      center_y: 2.9050000000000000e+02
      width: 67.
      height: 124.
      angle: 90.
