%YAML:1.0
---
rects:
   -
      x: 161
      y: 391
      width: 40
      height: 45
   -
      x: 165
      y: 270
      width: 40
      height: 42
   -
      x: 464
      y: 36
      width: 61
      height: 49
   -
      x: 512
      y: 668
      width: 47
      height: 36
   -
      x: 715
      y: 588
      width: 41
      height: 37
