%YAML:1.0
---
rects:
   -
      center_x: 8.7200012207031250e+02
      center_y: 3.8000003051757812e+02
      width: 4.7154258728027344e+01
      height: 1.5348120117187500e+02
      angle: 8.6611442565917969e+01
   -
      center_x: 5.3751556396484375e+02
      center_y: 1.3346646118164062e+02
      width: 6.2063941955566406e+01
      height: 1.6935760498046875e+02
      angle: 8.6275947570800781e+01
   -
      center_x: 607.
      center_y: 752.
      width: 6.1984699249267578e+01
      height: 1.8142187500000000e+02
      angle: 8.8726966857910156e+01
   -
      center_x: 2.2401538085937500e+02
      center_y: 6.1137695312500000e+02
      width: 4.9040798187255859e+01
      height: 1.0411737823486328e+02
      angle: 8.7662689208984375e+01
   -
      center_x: 9.3995855712890625e+02
      center_y: 1.7697723388671875e+02
      width: 6.2122116088867188e+01
      height: 1.6119865417480469e+02
      angle: 8.7155342102050781e+01
   -
      center_x: 3.2773968505859375e+02
      center_y: 1.3153152465820312e+02
      width: 8.5009902954101562e+01
      height: 1.9316574096679688e+02
      angle: 8.7626403808593750e+01
   -
      center_x: 966.
      center_y: 629.
      width: 6.8029342651367188e+01
      height: 1.3015379333496094e+02
      angle: 8.8237609863281250e+01
   -
      center_x: 874.
      center_y: 5.0150000000000000e+02
      width: 138.
      height: 73.
      angle: 0.
   -
      center_x: 3.7029772949218750e+02
      center_y: 6.0599371337890625e+02
      width: 6.6027610778808594e+01
      height: 9.4021270751953125e+01
      angle: 8.8781135559082031e+01
   -
      center_x: 3.1751953125000000e+02
      center_y: 3.8049847412109375e+02
      width: 7.7233398437500000e+01
      height: 1.5354804992675781e+02
      angle: 8.5515396118164062e+01
   -
      center_x: 8.0999993896484375e+02
      center_y: 1.8050000000000000e+02
      width: 5.1156566619873047e+01
      height: 5.2230319976806641e+01
      angle: 8.5601287841796875e+01
   -
      center_x: 2.7150000000000000e+02
      center_y: 4.8450000000000000e+02
      width: 1.0007202911376953e+02
      height: 2.1055070495605469e+02
      angle: 8.6987213134765625e+01
   -
      center_x: 4.4799993896484375e+02
      center_y: 6.1650006103515625e+02
      width: 5.0358570098876953e+01
      height: 4.9487529754638672e+01
      angle: 6.9810576438903809e+00
   -
      center_x: 6.9199993896484375e+02
      center_y: 499.
      width: 1.2199998474121094e+02
      height: 6.7999984741210938e+01
      angle: 0.
   -
      center_x: 7.2690576171875000e+02
      center_y: 2.9000433349609375e+02
      width: 8.3096122741699219e+01
      height: 1.9620654296875000e+02
      angle: 8.7370918273925781e+01
   -
      center_x: 2.8945538330078125e+02
      center_y: 6.9118548583984375e+02
      width: 6.5733207702636719e+01
      height: 8.1252693176269531e+01
      angle: 1.3523159980773926e+01
   -
      center_x: 8.0995050048828125e+02
      center_y: 6.2210827636718750e+02
      width: 6.4113258361816406e+01
      height: 4.9162994384765625e+01
      angle: 4.6668581962585449e+00
