%YAML:1.0
---
rects:
   -
      center_x: 3.8950003051757812e+02
      center_y: 4.3050000000000000e+02
      width: 3.8047985076904297e+01
      height: 8.1647712707519531e+01
      angle: 8.7878898620605469e+01
   -
      center_x: 1.8295993041992188e+02
      center_y: 7.3849523925781250e+02
      width: 6.3198101043701172e+01
      height: 1.5155519104003906e+02
      angle: 8.5462234497070312e+01
   -
      center_x: 2.7150000000000000e+02
      center_y: 6.3199993896484375e+02
      width: 6.1032596588134766e+01
      height: 9.9196907043457031e+01
      angle: 8.8264297485351562e+01
   -
      center_x: 292.
      center_y: 540.
      width: 6.9065170288085938e+01
      height: 1.6115206909179688e+02
      angle: 8.7510444641113281e+01
   -
      center_x: 344.
      center_y: 6.2150006103515625e+02
      width: 5.9058002471923828e+01
      height: 7.8493003845214844e+01
      angle: 8.8512130737304688e+01
   -
      center_x: 2.6950793457031250e+02
      center_y: 4.3667742919921875e+02
      width: 4.5044422149658203e+01
      height: 2.1722999572753906e+02
      angle: 8.7455192565917969e+01
   -
      center_x: 3.4850000000000000e+02
      center_y: 7.2850000000000000e+02
      width: 1.5004000854492188e+02
      height: 7.3006843566894531e+01
      angle: 7.6389855146408081e-01
   -
      center_x: 4.7250006103515625e+02
      center_y: 2.8200003051757812e+02
      width: 4.5044204711914062e+01
      height: 1.2124364471435547e+02
      angle: 8.7633750915527344e+01
   -
      center_x: 128.
      center_y: 637.
      width: 46.
      height: 56.
      angle: 90.
   -
      center_x: 1.4004809570312500e+02
      center_y: 5.5746307373046875e+02
      width: 4.3171669006347656e+01
      height: 8.9202018737792969e+01
      angle: 8.6143196105957031e+01
