%YAML:1.0
---
rects:
   -
      center_x: 3.2347531127929688e+02
      center_y: 3.2523672485351562e+02
      width: 6.4280632019042969e+01
      height: 1.9791340637207031e+02
      angle: 8.4644180297851562e+01
   -
      center_x: 5.3201361083984375e+02
      center_y: 1.5435241699218750e+03
      width: 6.1123245239257812e+01
      height: 1.2114867401123047e+02
      angle: 8.7161209106445312e+01
   -
      center_x: 5.5922180175781250e+02
      center_y: 8.5954864501953125e+02
      width: 5.7013755798339844e+01
      height: 9.6187316894531250e+01
      angle: 8.6423667907714844e+01
   -
      center_x: 7.3797961425781250e+02
      center_y: 7.3621582031250000e+02
      width: 5.6142673492431641e+01
      height: 1.1834135437011719e+02
      angle: 8.5914382934570312e+01
   -
      center_x: 1.9245951843261719e+02
      center_y: 8.6302514648437500e+02
      width: 6.3117572784423828e+01
      height: 1.0811566162109375e+02
      angle: 8.7349311828613281e+01
   -
      center_x: 7.0245574951171875e+02
      center_y: 1.3929929199218750e+03
      width: 1.5801264953613281e+02
      height: 7.2019546508789062e+01
      angle: 7.2522431612014771e-01
   -
      center_x: 5.6461560058593750e+02
      center_y: 7.5041882324218750e+02
      width: 5.5312358856201172e+01
      height: 1.8357559204101562e+02
      angle: 8.2487846374511719e+01
   -
      center_x: 652.
      center_y: 6.2750000000000000e+02
      width: 6.8990730285644531e+01
      height: 1.2314738464355469e+02
      angle: 8.9060806274414062e+01
   -
      center_x: 128.
      center_y: 1143.
      width: 5.5984863281250000e+01
      height: 8.7325225830078125e+01
      angle: 8.8667778015136719e+01
   -
      center_x: 6.8375659179687500e+02
      center_y: 1.5305061035156250e+03
      width: 5.9031883239746094e+01
      height: 7.8025634765625000e+01
      angle: 8.8531196594238281e+01
   -
      center_x: 5.3787634277343750e+02
      center_y: 2.9953833007812500e+02
      width: 6.5961692810058594e+01
      height: 8.8051132202148438e+01
      angle: 8.8047485351562500e+01
   -
      center_x: 1.3450000000000000e+02
      center_y: 1.0715000000000000e+03
      width: 119.
      height: 45.
      angle: 0.
   -
      center_x: 2.6849996948242188e+02
      center_y: 1.1324998779296875e+03
      width: 6.0999992370605469e+01
      height: 7.0999984741210938e+01
      angle: 90.
   -
      center_x: 6.2051599121093750e+02
      center_y: 3.0741198730468750e+02
      width: 6.6098167419433594e+01
      height: 5.5901699066162109e+01
      angle: 1.0304847717285156e+01
   -
      center_x: 7.0700006103515625e+02
      center_y: 4.9250000000000000e+02
      width: 5.1039188385009766e+01
      height: 1.0411532592773438e+02
      angle: 8.7797401428222656e+01
   -
      center_x: 4.8594554901123047e+01
      center_y: 4.6553317260742188e+02
      width: 3.9196147918701172e+01
      height: 9.8325988769531250e+01
      angle: 8.5333145141601562e+01
   -
      center_x: 562.
      center_y: 1300.
      width: 68.
      height: 200.
      angle: 90.
   -
      center_x: 3.0350000000000000e+02
      center_y: 1056.
      width: 6.4031188964843750e+01
      height: 1.2314628601074219e+02
      angle: 8.8137374877929688e+01
   -
      center_x: 332.
      center_y: 1148.
      width: 6.2032245635986328e+01
      height: 6.2032241821289062e+01
      angle: 1.8476103544235229e+00
   -
      center_x: 440.
      center_y: 196.
      width: 6.6023071289062500e+01
      height: 2.5900762939453125e+02
      angle: 8.9111763000488281e+01
   -
      center_x: 4.9592306518554688e+02
      center_y: 1.4104896240234375e+03
      width: 4.7034919738769531e+01
      height: 1.6304907226562500e+02
      angle: 8.8594253540039062e+01
   -
      center_x: 5.1100006103515625e+02
      center_y: 1.4935000000000000e+03
      width: 3.4993274688720703e+01
      height: 1.0270574951171875e+02
      angle: 8.8876701354980469e+01
   -
      center_x: 7.1849993896484375e+02
      center_y: 8.4450000000000000e+02
      width: 9.2006370544433594e+01
      height: 5.7068626403808594e+01
      angle: 1.0696511268615723e+01
   -
      center_x: 7.5349993896484375e+02
      center_y: 1.5374998779296875e+03
      width: 7.0999984741210938e+01
      height: 5.4999992370605469e+01
      angle: 0.
