%YAML:1.0
---
rects:
   -
      center_x: 2.5735002441406250e+03
      center_y: 6.7250006103515625e+02
      width: 8.4480506896972656e+01
      height: 2.2957580566406250e+02
      angle: 8.3742561340332031e+01
   -
      center_x: 5.7308203125000000e+02
      center_y: 6.3648773193359375e+02
      width: 6.2649200439453125e+01
      height: 1.6930505371093750e+02
      angle: 8.1486015319824219e+01
   -
      center_x: 5.3205261230468750e+02
      center_y: 7.8908514404296875e+02
      width: 8.8183792114257812e+01
      height: 3.5743533325195312e+02
      angle: 8.4863624572753906e+01
   -
      center_x: 2.3615000000000000e+03
      center_y: 137.
      width: 62.
      height: 149.
      angle: 90.
   -
      center_x: 1.9545000000000000e+03
      center_y: 5.2550000000000000e+02
      width: 59.
      height: 139.
      angle: 90.
   -
      center_x: 7.1377636718750000e+02
      center_y: 3.6001629638671875e+02
      width: 9.0270698547363281e+01
      height: 6.8881701660156250e+02
      angle: 8.5837341308593750e+01
   -
      center_x: 2.0488535156250000e+03
      center_y: 2.9799063110351562e+02
      width: 1.1802577972412109e+02
      height: 3.6502185058593750e+02
      angle: 8.9372123718261719e+01
   -
      center_x: 1.9770002441406250e+03
      center_y: 796.
      width: 9.1049377441406250e+01
      height: 4.3936550903320312e+02
      angle: 8.8043037414550781e+01
   -
      center_x: 2.0805000000000000e+03
      center_y: 6.5200006103515625e+02
      width: 8.4078552246093750e+01
      height: 3.6281094360351562e+02
      angle: 8.8413269042968750e+01
   -
      center_x: 4.1239999389648438e+02
      center_y: 6.5230004882812500e+02
      width: 7.2249572753906250e+01
      height: 1.2764091491699219e+02
      angle: 8.5236351013183594e+01
   -
      center_x: 2077.
      center_y: 5.3450000000000000e+02
      width: 53.
      height: 160.
      angle: 90.
   -
      center_x: 2.0570761718750000e+03
      center_y: 1.5756280517578125e+02
      width: 9.4217185974121094e+01
      height: 2.0419844055175781e+02
      angle: 8.7473884582519531e+01
