%YAML:1.0
---
rects:
   -
      x: 584
      y: 329
      width: 48
      height: 55
