%YAML:1.0
---
rects:
   -
      center_x: 7.5450933837890625e+02
      center_y: 4.8045898437500000e+02
      width: 4.9010204315185547e+01
      height: 1.0203996276855469e+02
      angle: 8.8830856323242188e+01
   -
      center_x: 7.7550006103515625e+02
      center_y: 2.0599998474121094e+02
      width: 5.5036254882812500e+01
      height: 1.3119453430175781e+02
      angle: 8.7814193725585938e+01
   -
      center_x: 5.8300006103515625e+02
      center_y: 4.2400003051757812e+02
      width: 1.0453362274169922e+02
      height: 5.4997451782226562e+01
      angle: 5.5090397596359253e-01
   -
      center_x: 1.4150000000000000e+02
      center_y: 278.
      width: 5.5145030975341797e+01
      height: 1.1949904632568359e+02
      angle: 8.5674942016601562e+01
   -
      center_x: 2.8271118164062500e+02
      center_y: 2.6149871826171875e+02
      width: 6.7998687744140625e+01
      height: 1.6100309753417969e+02
      angle: 8.9644126892089844e+01
   -
      center_x: 7.7599993896484375e+02
      center_y: 102.
      width: 6.9007232666015625e+01
      height: 1.9906280517578125e+02
      angle: 8.9136306762695312e+01
   -
      center_x: 7.4300091552734375e+02
      center_y: 2.9552938842773438e+02
      width: 6.8029403686523438e+01
      height: 1.0004496765136719e+02
      angle: 8.8315315246582031e+01
   -
      center_x: 2.9502026367187500e+02
      center_y: 3.5008163452148438e+02
      width: 1.4916419982910156e+02
      height: 6.3119697570800781e+01
      angle: 2.7702159881591797e+00
   -
      center_x: 9.1677343750000000e+02
      center_y: 2.9550192260742188e+02
      width: 6.4006202697753906e+01
      height: 1.1700427246093750e+02
      angle: 8.9510307312011719e+01
   -
      center_x: 7.4449432373046875e+02
      center_y: 3.8543267822265625e+02
      width: 5.9211483001708984e+01
      height: 1.4051327514648438e+02
      angle: 8.5155998229980469e+01
   -
      center_x: 9.2324462890625000e+02
      center_y: 4.6550558471679688e+02
      width: 6.8027488708496094e+01
      height: 1.3703283691406250e+02
      angle: 8.8745552062988281e+01
   -
      center_x: 3.1050628662109375e+02
      center_y: 4.5099935913085938e+02
      width: 7.0349067687988281e+01
      height: 1.5890879821777344e+02
      angle: 8.4217613220214844e+01
   -
      center_x: 9.1050000000000000e+02
      center_y: 3.9150003051757812e+02
      width: 3.8052150726318359e+01
      height: 8.7327156066894531e+01
      angle: 8.6710762023925781e+01
   -
      center_x: 2.0997106933593750e+02
      center_y: 1.5610211181640625e+02
      width: 5.5145259857177734e+01
      height: 1.5446475219726562e+02
      angle: 8.5840362548828125e+01
   -
      center_x: 141.
      center_y: 4.5450000000000000e+02
      width: 6.9028800964355469e+01
      height: 1.2821865844726562e+02
      angle: 8.8210090637207031e+01
   -
      center_x: 8.2450000000000000e+02
      center_y: 300.
      width: 4.7141036987304688e+01
      height: 4.0034019470214844e+01
      angle: 8.8754631042480469e+01
