%YAML:1.0
---
rects:
   -
      x: 827
      y: 120
      width: 60
      height: 43
