%YAML:1.0
---
rects:
   -
      center_x: 4.6650000000000000e+02
      center_y: 3.0999996948242188e+02
      width: 4.2047561645507812e+01
      height: 1.2319498443603516e+02
      angle: 8.7207290649414062e+01
   -
      center_x: 9.2100012207031250e+02
      center_y: 1.9900001525878906e+02
      width: 5.8308891296386719e+01
      height: 1.6305848693847656e+02
      angle: 8.4359443664550781e+01
   -
      center_x: 4.0350006103515625e+02
      center_y: 648.
      width: 7.2508987426757812e+01
      height: 1.4124961853027344e+02
      angle: 8.5030258178710938e+01
   -
      center_x: 6.6963037109375000e+02
      center_y: 2.9700320434570312e+02
      width: 1.6104968261718750e+02
      height: 7.0028076171875000e+01
      angle: 1.4232048988342285e+00
   -
      center_x: 5.2818151855468750e+02
      center_y: 6.3203594970703125e+02
      width: 7.4542518615722656e+01
      height: 1.2478780364990234e+02
      angle: 8.3558403015136719e+01
   -
      center_x: 5.9397387695312500e+02
      center_y: 1.8538409423828125e+02
      width: 9.4085060119628906e+01
      height: 2.0623887634277344e+02
      angle: 8.7563346862792969e+01
   -
      center_x: 8.0699987792968750e+02
      center_y: 617.
      width: 5.8188514709472656e+01
      height: 2.1709471130371094e+02
      angle: 8.6805412292480469e+01
   -
      center_x: 8.3033721923828125e+02
      center_y: 6.7101190185546875e+02
      width: 7.8229736328125000e+01
      height: 1.6543577575683594e+02
      angle: 8.5840362548828125e+01
