%YAML:1.0
---
rects:
   -
      x: 265
      y: 410
      width: 59
      height: 43
   -
      x: 418
      y: 191
      width: 42
      height: 49
