%YAML:1.0
---
rects:
   -
      x: 562
      y: 717
      width: 60
      height: 89
