%YAML:1.0
---
rects:
   -
      center_x: 4.2799267578125000e+02
      center_y: 9.2688739013671875e+02
      width: 9.7396141052246094e+01
      height: 1.8618807983398438e+02
      angle: 8.3523880004882812e+01
   -
      center_x: 7.6849993896484375e+02
      center_y: 9.8949993896484375e+02
      width: 7.3237655639648438e+01
      height: 1.2470063018798828e+02
      angle: 8.4427803039550781e+01
   -
      center_x: 9.2600006103515625e+02
      center_y: 9.7600006103515625e+02
      width: 7.0255157470703125e+01
      height: 1.3101223754882812e+02
      angle: 8.4726112365722656e+01
   -
      center_x: 2.3900003051757812e+02
      center_y: 519.
      width: 4.6367183685302734e+01
      height: 1.8433145141601562e+02
      angle: 8.4351753234863281e+01
   -
      center_x: 7.1448931884765625e+02
      center_y: 5.6529229736328125e+02
      width: 1.4812040710449219e+02
      height: 8.2054855346679688e+01
      angle: 2.0952527523040771e+00
   -
      center_x: 6.9899053955078125e+02
      center_y: 4.8522500610351562e+02
      width: 1.5515733337402344e+02
      height: 7.1063354492187500e+01
      angle: 2.4195094108581543e+00
   -
      center_x: 657.
      center_y: 292.
      width: 9.2046569824218750e+01
      height: 1.5177427673339844e+02
      angle: 8.7724548339843750e+01
   -
      center_x: 6.3996343994140625e+02
      center_y: 4.0207382202148438e+02
      width: 7.6059204101562500e+01
      height: 1.0515496063232422e+02
      angle: 8.7739494323730469e+01
   -
      center_x: 4.6450000000000000e+02
      center_y: 4.1999996948242188e+02
      width: 5.1088058471679688e+01
      height: 1.4837455749511719e+02
      angle: 8.6520080566406250e+01
   -
      center_x: 4.8691030883789062e+02
      center_y: 5.0254235839843750e+02
      width: 6.7257713317871094e+01
      height: 1.6743057250976562e+02
      angle: 8.5890007019042969e+01
   -
      center_x: 7.4700006103515625e+02
      center_y: 409.
      width: 8.8388092041015625e+01
      height: 6.6959266662597656e+01
      angle: 1.9978798627853394e+00
   -
      center_x: 5.6768395996093750e+02
      center_y: 1.7674136352539062e+02
      width: 7.1102569580078125e+01
      height: 1.5938948059082031e+02
      angle: 8.2429115295410156e+01
   -
      center_x: 4.9050000000000000e+02
      center_y: 586.
      width: 7.9226493835449219e+01
      height: 1.1176834869384766e+02
      angle: 8.5364540100097656e+01
   -
      center_x: 6.3250000000000000e+02
      center_y: 6.6050000000000000e+02
      width: 67.
      height: 87.
      angle: 90.
   -
      center_x: 7.6381231689453125e+02
      center_y: 8.9546179199218750e+02
      width: 8.2607505798339844e+01
      height: 1.2454074859619141e+02
      angle: 8.3047035217285156e+01
