%YAML:1.0
---
rects:
   -
      center_x: 2.9294235229492188e+02
      center_y: 6.4818762207031250e+02
      width: 6.6098411560058594e+01
      height: 1.6868786621093750e+02
      angle: 7.9540092468261719e+01
   -
      center_x: 2.6874105834960938e+02
      center_y: 3.0441851806640625e+02
      width: 5.0137588500976562e+01
      height: 1.0060319519042969e+02
      angle: 8.3722709655761719e+01
   -
      center_x: 9.6750000000000000e+02
      center_y: 101.
      width: 7.2026573181152344e+01
      height: 1.7951368713378906e+02
      angle: 8.8080184936523438e+01
   -
      center_x: 9.2299993896484375e+02
      center_y: 2.8050000000000000e+02
      width: 6.3505649566650391e+01
      height: 1.5547358703613281e+02
      angle: 8.2600402832031250e+01
   -
      center_x: 3.9749993896484375e+02
      center_y: 125.
      width: 8.8352409362792969e+01
      height: 2.6584744262695312e+02
      angle: 8.3922950744628906e+01
   -
      center_x: 5.8300006103515625e+02
      center_y: 6.5200006103515625e+02
      width: 7.3455902099609375e+01
      height: 2.1887034606933594e+02
      angle: 7.3072486877441406e+01
   -
      center_x: 1.0302573242187500e+03
      center_y: 1.9753454589843750e+02
      width: 7.5011932373046875e+01
      height: 8.6092971801757812e+01
      angle: 8.7337005615234375e+01
   -
      center_x: 9.0595941162109375e+02
      center_y: 2.0643145751953125e+02
      width: 5.6142673492431641e+01
      height: 9.6326011657714844e+01
      angle: 8.5914382934570312e+01
   -
      center_x: 1.8205799865722656e+02
      center_y: 6.6653271484375000e+02
      width: 6.9254707336425781e+01
      height: 8.1221908569335938e+01
      angle: 8.5763610839843750e+01
   -
      center_x: 288.
      center_y: 3.7750000000000000e+02
      width: 7.2109924316406250e+01
      height: 1.4057440185546875e+02
      angle: 8.7137596130371094e+01
   -
      center_x: 485.
      center_y: 220.
      width: 60.
      height: 84.
      angle: 90.
   -
      center_x: 4.0597427368164062e+02
      center_y: 2.1562036132812500e+02
      width: 5.9135429382324219e+01
      height: 9.2262763977050781e+01
      angle: 8.6121475219726562e+01
   -
      center_x: 4.1850000000000000e+02
      center_y: 288.
      width: 7.2335998535156250e+01
      height: 6.7175163269042969e+01
      angle: 8.6775474548339844e+01
   -
      center_x: 4.7851553344726562e+02
      center_y: 2.9675494384765625e+02
      width: 7.1174148559570312e+01
      height: 6.3126861572265625e+01
      angle: 3.6329505443572998e+00
   -
      center_x: 1.0895050048828125e+03
      center_y: 2.1179280090332031e+02
      width: 6.5029434204101562e+01
      height: 8.2024375915527344e+01
      angle: 1.3971810340881348e+00
   -
      center_x: 5.2960589599609375e+02
      center_y: 6.0153454589843750e+02
      width: 8.8459030151367188e+01
      height: 1.2845494079589844e+02
      angle: 8.4160499572753906e+01
   -
      center_x: 1.0600001220703125e+03
      center_y: 2.6750000000000000e+02
      width: 8.5689994812011719e+01
      height: 5.6055534362792969e+01
      angle: 8.8636070251464844e+01
   -
      center_x: 4.1850000000000000e+02
      center_y: 3.6050000000000000e+02
      width: 9.7597816467285156e+01
      height: 6.9026573181152344e+01
      angle: 8.8818817138671875e+01
