%YAML:1.0
---
rects:
   -
      x: 357
      y: 434
      width: 72
      height: 92
