%YAML:1.0
---
rects:
   -
      center_x: 3.1449996948242188e+02
      center_y: 2.1550000000000000e+02
      width: 6.3283100128173828e+01
      height: 2.7654519653320312e+02
      angle: 8.5012275695800781e+01
   -
      center_x: 877.
      center_y: 4.2450003051757812e+02
      width: 7.5291343688964844e+01
      height: 1.9366004943847656e+02
      angle: 8.6404991149902344e+01
   -
      center_x: 5.4151226806640625e+02
      center_y: 1.9118771362304688e+02
      width: 6.1131004333496094e+01
      height: 1.0124157714843750e+02
      angle: 8.6248275756835938e+01
   -
      center_x: 4.4899993896484375e+02
      center_y: 116.
      width: 5.6142673492431641e+01
      height: 1.6842802429199219e+02
      angle: 8.5914382934570312e+01
   -
      center_x: 93.
      center_y: 3.3200003051757812e+02
      width: 4.2189205169677734e+01
      height: 9.0620460510253906e+01
      angle: 8.4920394897460938e+01
   -
      center_x: 9.0767108154296875e+02
      center_y: 5.1203125000000000e+02
      width: 6.2106742858886719e+01
      height: 1.5911315917968750e+02
      angle: 8.7838928222656250e+01
   -
      center_x: 8.8150006103515625e+02
      center_y: 6.1000006103515625e+02
      width: 4.6467311859130859e+01
      height: 2.3160697937011719e+02
      angle: 7.2824096679687500e+01
   -
      center_x: 7.1441418457031250e+02
      center_y: 4.9397390747070312e+02
      width: 6.6183921813964844e+01
      height: 9.5189285278320312e+01
      angle: 8.6386123657226562e+01
   -
      center_x: 4.3199996948242188e+02
      center_y: 616.
      width: 6.2184272766113281e+01
      height: 1.0662606811523438e+02
      angle: 8.6729507446289062e+01
   -
      center_x: 5.0150000000000000e+02
      center_y: 603.
      width: 78.
      height: 63.
      angle: 90.
   -
      center_x: 8.8131494140625000e+02
      center_y: 6.7852386474609375e+02
      width: 6.7600753784179688e+01
      height: 2.0366641235351562e+02
      angle: 8.2665626525878906e+01
   -
      center_x: 1.0297207031250000e+03
      center_y: 6.7148107910156250e+02
      width: 6.5274826049804688e+01
      height: 1.1742656707763672e+02
      angle: 8.5114799499511719e+01
   -
      center_x: 855.
      center_y: 8.4099993896484375e+02
      width: 5.4585376739501953e+01
      height: 1.6414759826660156e+02
      angle: 8.2266410827636719e+01
   -
      center_x: 2.2837362670898438e+02
      center_y: 3.1102026367187500e+02
      width: 4.2578559875488281e+01
      height: 1.6407313537597656e+02
      angle: 8.0882133483886719e+01
   -
      center_x: 1.0618649902343750e+03
      center_y: 5.9186682128906250e+02
      width: 6.4571479797363281e+01
      height: 8.2389328002929688e+01
      angle: 8.4427803039550781e+01
   -
      center_x: 2.3743124389648438e+02
      center_y: 5.6909710693359375e+02
      width: 4.0775821685791016e+01
      height: 8.3186531066894531e+01
      angle: 8.0311218261718750e+01
   -
      center_x: 3.5002249145507812e+02
      center_y: 5.5054071044921875e+02
      width: 4.8041645050048828e+01
      height: 7.0105834960937500e+01
      angle: 8.7614059448242188e+01
   -
      center_x: 858.
      center_y: 7.6899993896484375e+02
      width: 6.6869285583496094e+01
      height: 1.1025648498535156e+02
      angle: 8.2545692443847656e+01
   -
      center_x: 1.8400064086914062e+02
      center_y: 4.0197503662109375e+02
      width: 8.2024360656738281e+01
      height: 8.0024986267089844e+01
      angle: 1.4320963621139526e+00
   -
      center_x: 2.7006564331054688e+02
      center_y: 6.2699456787109375e+02
      width: 5.2235145568847656e+01
      height: 1.2224440002441406e+02
      angle: 8.5275543212890625e+01
