%YAML:1.0
---
rects:
   -
      x: 244
      y: 372
      width: 45
      height: 49
   -
      x: 714
      y: 578
      width: 47
      height: 46
