%YAML:1.0
---
rects:
   -
      center_x: 1.1970001220703125e+03
      center_y: 552.
      width: 4.8656787872314453e+01
      height: 1.3422560119628906e+02
      angle: 8.1384353637695312e+01
   -
      center_x: 219.
      center_y: 378.
      width: 4.8023853302001953e+01
      height: 1.1758277130126953e+02
      angle: 8.6054817199707031e+01
   -
      center_x: 6.8195196533203125e+02
      center_y: 2.1113970947265625e+02
      width: 4.6125133514404297e+01
      height: 1.2106195068359375e+02
      angle: 8.2405357360839844e+01
   -
      center_x: 1.0930001220703125e+03
      center_y: 2.0600001525878906e+02
      width: 6.2286010742187500e+01
      height: 1.3142469787597656e+02
      angle: 8.3853370666503906e+01
   -
      center_x: 3.7150000000000000e+02
      center_y: 357.
      width: 70.
      height: 73.
      angle: 90.
   -
      center_x: 1.2170001220703125e+03
      center_y: 4.5599996948242188e+02
      width: 6.8458557128906250e+01
      height: 1.2179255676269531e+02
      angle: 8.4289405822753906e+01
   -
      center_x: 8.8949993896484375e+02
      center_y: 2.3999996948242188e+02
      width: 6.4280410766601562e+01
      height: 8.3552536010742188e+01
      angle: 8.4494514465332031e+01
   -
      center_x: 1.3475948486328125e+03
      center_y: 5.2903002929687500e+02
      width: 7.0251983642578125e+01
      height: 1.0829589080810547e+02
      angle: 8.5763610839843750e+01
   -
      center_x: 1049.
      center_y: 1.2600001525878906e+02
      width: 7.4107727050781250e+01
      height: 2.4660910034179688e+02
      angle: 8.6742782592773438e+01
   -
      center_x: 4.4350003051757812e+02
      center_y: 374.
      width: 4.9162818908691406e+01
      height: 7.6367630004882812e+01
      angle: 4.5139880180358887e+00
   -
      center_x: 2.5096731567382812e+02
      center_y: 2.6195996093750000e+02
      width: 7.4143447875976562e+01
      height: 1.4512408447265625e+02
      angle: 8.7630493164062500e+01
   -
      center_x: 1.1125001220703125e+03
      center_y: 277.
      width: 7.4665618896484375e+01
      height: 1.6723051452636719e+02
      angle: 8.3088768005371094e+01
   -
      center_x: 7.7309759521484375e+02
      center_y: 1.9391194152832031e+02
      width: 4.6674846649169922e+01
      height: 9.6026046752929688e+01
      angle: 8.1616752624511719e+01
   -
      center_x: 9.4850000000000000e+02
      center_y: 298.
      width: 64.
      height: 77.
      angle: 90.
   -
      center_x: 3.6402447509765625e+02
      center_y: 2.5356414794921875e+02
      width: 9.2086921691894531e+01
      height: 1.1215491485595703e+02
      angle: 8.7510444641113281e+01
