%YAML:1.0
---
rects:
   -
      x: 509
      y: 149
      width: 53
      height: 49
   -
      x: 735
      y: 113
      width: 59
      height: 44
