%YAML:1.0
---
rects:
   -
      x: 1007
      y: 333
      width: 64
      height: 65
