%YAML:1.0
---
rects:
   -
      center_x: 393.
      center_y: 712.
      width: 222.
      height: 106.
      angle: 0.
   -
      center_x: 585.
      center_y: 317.
      width: 114.
      height: 248.
      angle: 90.
   -
      center_x: 363.
      center_y: 309.
      width: 146.
      height: 248.
      angle: 90.
   -
      center_x: 1731.
      center_y: 2.2059997558593750e+03
      width: 1.9599996948242188e+02
      height: 9.7999984741210938e+01
      angle: 0.
   -
      center_x: 1.9145000000000000e+03
      center_y: 3147.
      width: 393.
      height: 138.
      angle: 0.
   -
      center_x: 3.6052355957031250e+02
      center_y: 4.5992993164062500e+02
      width: 1.1420858764648438e+02
      height: 2.3113848876953125e+02
      angle: 8.8016517639160156e+01
   -
      center_x: 3.7772058105468750e+02
      center_y: 1.1275533447265625e+03
      width: 1.4714686584472656e+02
      height: 3.4209353637695312e+02
      angle: 8.8659996032714844e+01
   -
      center_x: 9.8750012207031250e+02
      center_y: 3.2890002441406250e+03
      width: 1.2194443511962891e+02
      height: 2.6880206298828125e+02
      angle: 8.8270843505859375e+01
   -
      center_x: 1479.
      center_y: 3.2150003051757812e+02
      width: 1.6296313476562500e+02
      height: 3.7955239868164062e+02
      angle: 8.8781135559082031e+01
   -
      center_x: 786.
      center_y: 1811.
      width: 138.
      height: 256.
      angle: 90.
   -
      center_x: 7.5650006103515625e+02
      center_y: 2.0920002441406250e+03
      width: 8.9959014892578125e+01
      height: 2.6783648681640625e+02
      angle: 8.8270843505859375e+01
   -
      center_x: 6.4499993896484375e+02
      center_y: 3.1955000000000000e+03
      width: 2.2999996948242188e+02
      height: 1.5499996948242188e+02
      angle: 0.
   -
      center_x: 1.7565000000000000e+03
      center_y: 2.9920002441406250e+03
      width: 1.1434178161621094e+02
      height: 3.7848510742187500e+02
      angle: 8.6347770690917969e+01
   -
      center_x: 1.8375000000000000e+03
      center_y: 5.1250000000000000e+02
      width: 3.0636242675781250e+02
      height: 1.2645971679687500e+02
      angle: 1.1119834899902344e+01
   -
      center_x: 6.4949993896484375e+02
      center_y: 4.5550000000000000e+02
      width: 2.0499996948242188e+02
      height: 1.3099996948242188e+02
      angle: 0.
   -
      center_x: 1470.
      center_y: 785.
      width: 2.4339816284179688e+02
      height: 9.7945602416992188e+01
      angle: 1.9091522693634033e+00
   -
      center_x: 3.8399996948242188e+02
      center_y: 1.4204998779296875e+03
      width: 1.2299998474121094e+02
      height: 3.0799993896484375e+02
      angle: 90.
   -
      center_x: 2.0522153320312500e+03
      center_y: 2.1897202148437500e+03
      width: 2.8301943969726562e+02
      height: 1.2300216674804688e+02
      angle: 4.8645148277282715e+00
   -
      center_x: 2.1799996948242188e+02
      center_y: 2.6499997558593750e+03
      width: 2.4799996948242188e+02
      height: 1.2199998474121094e+02
      angle: 0.
   -
      center_x: 3.1384097290039062e+02
      center_y: 2.8940695800781250e+03
      width: 1.1419866180419922e+02
      height: 2.4812898254394531e+02
      angle: 8.8152389526367188e+01
   -
      center_x: 1.5646894531250000e+03
      center_y: 1.2657000732421875e+03
      width: 2.6608459472656250e+02
      height: 1.1506869506835938e+02
      angle: 5.1749343872070312e+00
   -
      center_x: 1.9098699951171875e+03
      center_y: 7.0254406738281250e+02
      width: 2.8254293823242188e+02
      height: 1.0817114257812500e+02
      angle: 1.3907777786254883e+01
   -
      center_x: 6.9199993896484375e+02
      center_y: 3314.
      width: 2.3999996948242188e+02
      height: 1.2999996948242188e+02
      angle: 0.
   -
      center_x: 4.0550006103515625e+02
      center_y: 8.3000006103515625e+02
      width: 1.0595172882080078e+02
      height: 2.6831927490234375e+02
      angle: 8.8270843505859375e+01
   -
      center_x: 2.0004997558593750e+03
      center_y: 1.4939998779296875e+03
      width: 2.3217802429199219e+02
      height: 1.0636901855468750e+02
      angle: 3.9793827533721924e+00
   -
      center_x: 1.5940686035156250e+03
      center_y: 6.8750616455078125e+02
      width: 1.8876705932617188e+02
      height: 9.0354751586914062e+01
      angle: 5.1669487953186035e+00
   -
      center_x: 2.0345000000000000e+03
      center_y: 2.3239997558593750e+03
      width: 2.6565393066406250e+02
      height: 1.2325984191894531e+02
      angle: 3.6705489158630371e+00
   -
      center_x: 3.3568237304687500e+02
      center_y: 2.7680703125000000e+03
      width: 1.3824530029296875e+02
      height: 2.0615527343750000e+02
      angle: 8.7776039123535156e+01
   -
      center_x: 1487.
      center_y: 9.0750000000000000e+02
      width: 105.
      height: 274.
      angle: 90.
   -
      center_x: 1060.
      center_y: 3167.
      width: 114.
      height: 410.
      angle: 90.
   -
      center_x: 1.4355000000000000e+03
      center_y: 6.8750000000000000e+02
      width: 171.
      height: 89.
      angle: 0.
   -
      center_x: 1.5985000000000000e+03
      center_y: 2.3324997558593750e+03
      width: 1.0629470825195312e+02
      height: 2.6674224853515625e+02
      angle: 8.6329452514648438e+01
   -
      center_x: 1.6794998779296875e+03
      center_y: 2084.
      width: 1.8391139221191406e+02
      height: 1.0589429473876953e+02
      angle: 2.5590026378631592e+00
   -
      center_x: 1.5735285644531250e+03
      center_y: 5.6555017089843750e+02
      width: 1.7980545043945312e+02
      height: 1.0637607574462891e+02
      angle: 5.4252266883850098e+00
   -
      center_x: 1.9144606933593750e+03
      center_y: 8.0566015625000000e+02
      width: 2.3792832946777344e+02
      height: 1.0914210510253906e+02
      angle: 1.3781597137451172e+01
   -
      center_x: 1.7825000000000000e+03
      center_y: 1.3959998779296875e+03
      width: 2.3453039550781250e+02
      height: 9.7941291809082031e+01
      angle: 1.9834766387939453e+00
   -
      center_x: 6.3650006103515625e+02
      center_y: 712.
      width: 1.6800022888183594e+02
      height: 9.7882179260253906e+01
      angle: 2.8098080158233643e+00
   -
      center_x: 2.1925791015625000e+03
      center_y: 3.1459106445312500e+03
      width: 1.7267190551757812e+02
      height: 1.9672570800781250e+02
      angle: 7.5946435928344727e+00
   -
      center_x: 2.1249069824218750e+03
      center_y: 2.9756232910156250e+03
      width: 1.6288952636718750e+02
      height: 1.5509283447265625e+02
      angle: 5.9905943870544434e+00
   -
      center_x: 8.1597906494140625e+02
      center_y: 8.3059167480468750e+02
      width: 2.2733776855468750e+02
      height: 1.1870619201660156e+02
      angle: 1.2847704887390137e+01
   -
      center_x: 3.6172790527343750e+02
      center_y: 5.6983013916015625e+02
      width: 1.2282999420166016e+02
      height: 1.7123666381835938e+02
      angle: 8.6987213134765625e+01
   -
      center_x: 6.4050000000000000e+02
      center_y: 1.3105000000000000e+03
      width: 131.
      height: 171.
      angle: 90.
   -
      center_x: 1.9999997558593750e+03
      center_y: 2.0184998779296875e+03
      width: 2.3277658081054688e+02
      height: 1.4720077514648438e+02
      angle: 3.9793827533721924e+00
   -
      center_x: 5.4250000000000000e+02
      center_y: 2866.
      width: 146.
      height: 163.
      angle: 90.
   -
      center_x: 1.6325000000000000e+03
      center_y: 1.9865000000000000e+03
      width: 273.
      height: 131.
      angle: 0.
   -
      center_x: 1.6709997558593750e+03
      center_y: 802.
      width: 2.2587312316894531e+02
      height: 9.8292160034179688e+01
      angle: 6.1701750755310059e+00
   -
      center_x: 1.5255000000000000e+03
      center_y: 1.8685001220703125e+03
      width: 2.9461206054687500e+02
      height: 1.6318618774414062e+02
      angle: 1.5801724195480347e+00
   -
      center_x: 2.5200001525878906e+02
