%YAML:1.0
---
rects:
   -
      center_x: 1.9445000000000000e+03
      center_y: 1.0785000000000000e+03
      width: 1.0217025146484375e+03
      height: 1.7094415283203125e+02
      angle: 8.8535530090332031e+01
   -
      center_x: 7.6950000000000000e+02
      center_y: 842.
      width: 6.8819451904296875e+02
      height: 1.1227316284179688e+02
      angle: 8.5070014953613281e+01
   -
      center_x: 1.9405000000000000e+03
      center_y: 2976.
      width: 1.4522052001953125e+02
      height: 4.7272824096679688e+02
      angle: 3.1529369354248047e+00
   -
      center_x: 7.8600006103515625e+02
      center_y: 1600.
      width: 1.3720292663574219e+02
      height: 4.5920730590820312e+02
      angle: 2.1350381374359131e+00
   -
      center_x: 1.6665002441406250e+03
      center_y: 1.1800001220703125e+03
      width: 6.0019976806640625e+02
      height: 1.1134288787841797e+02
      angle: 8.4241737365722656e+01
   -
      center_x: 2184.
      center_y: 1.0985000000000000e+03
      width: 6.2986499023437500e+02
      height: 1.3722633361816406e+02
      angle: 8.6076774597167969e+01
   -
      center_x: 1.8548581542968750e+03
      center_y: 1.5407523193359375e+03
      width: 8.4175122070312500e+02
      height: 1.5478924560546875e+02
      angle: 8.5366363525390625e+01
