%YAML:1.0
---
rects:
   -
      center_x: 5.8377685546875000e+02
      center_y: 3.0816367187500000e+03
      width: 1.3108370971679688e+02
      height: 3.6928308105468750e+02
      angle: 8.3625541687011719e+01
   -
      center_x: 1.5411931152343750e+03
      center_y: 2.3363725585937500e+03
      width: 1.1387239837646484e+02
      height: 3.5940228271484375e+02
      angle: 8.7288848876953125e+01
   -
      center_x: 1.6715000000000000e+03
      center_y: 2.0475000000000000e+03
      width: 1.0628185272216797e+02
      height: 4.1495321655273438e+02
      angle: 8.7625679016113281e+01
   -
      center_x: 286.
      center_y: 1.8699998474121094e+02
      width: 2.5206242370605469e+02
      height: 1.2193656158447266e+02
      angle: 1.8476102352142334e+00
   -
      center_x: 410.
      center_y: 3.8650000000000000e+02
      width: 3.0280422973632812e+02
      height: 1.0533090972900391e+02
      angle: 3.0630736351013184e+00
   -
      center_x: 1521.
      center_y: 2.2100002441406250e+03
      width: 1.0588418579101562e+02
      height: 3.4732769775390625e+02
      angle: 8.7321449279785156e+01
   -
      center_x: 1.2204501953125000e+03
      center_y: 1.2370860595703125e+03
      width: 2.7411676025390625e+02
      height: 1.0621749877929688e+02
      angle: 1.6723942756652832e+00
   -
      center_x: 4.8235919189453125e+02
      center_y: 2.6719492187500000e+03
      width: 1.6324826049804688e+02
      height: 3.4280300903320312e+02
      angle: 8.6839645385742188e+01
   -
      center_x: 3.9700003051757812e+02
      center_y: 8.7500012207031250e+02
      width: 3.8944033813476562e+02
      height: 1.2416205596923828e+02
      angle: 7.2531938552856445e+00
   -
      center_x: 5.8864324951171875e+02
      center_y: 2.9387272949218750e+03
      width: 9.7727241516113281e+01
      height: 2.1459730529785156e+02
      angle: 8.5724159240722656e+01
   -
      center_x: 1.6025000000000000e+03
      center_y: 2475.
      width: 114.
      height: 317.
      angle: 90.
   -
      center_x: 6.7033624267578125e+02
      center_y: 3.8597817993164062e+02
      width: 1.8159295654296875e+02
      height: 1.3110639953613281e+02
      angle: 7.5946435928344727e+00
   -
      center_x: 3.6054800415039062e+02
      center_y: 1.8110877685546875e+03
      width: 1.1424938964843750e+02
      height: 2.2314344787597656e+02
      angle: 8.7945426940917969e+01
   -
      center_x: 2.2055000000000000e+03
      center_y: 1.2165000000000000e+03
      width: 2.2802159118652344e+02
      height: 9.1521408081054688e+01
      angle: 8.4550275802612305e+00
   -
      center_x: 2.3693395996093750e+03
      center_y: 1.0826199951171875e+03
      width: 2.3334526062011719e+02
      height: 8.2590072631835938e+01
      angle: 8.1301031112670898e+00
   -
      center_x: 6.0459869384765625e+02
      center_y: 1.8708088684082031e+02
      width: 2.5712448120117188e+02
      height: 1.2222095489501953e+02
      angle: 1.7829504013061523e+00
   -
      center_x: 2359.
      center_y: 871.
      width: 3.4457238769531250e+02
      height: 1.0597100830078125e+02
      angle: 1.3400077819824219e+00
   -
      center_x: 1.4990270996093750e+03
      center_y: 2.4784947204589844e+02
      width: 2.6815295410156250e+02
      height: 9.8458740234375000e+01
      angle: 8.7948961257934570e+00
   -
      center_x: 5.4200006103515625e+02
      center_y: 4.9200006103515625e+02
      width: 2.5830480957031250e+02
      height: 9.8318878173828125e+01
      angle: 5.3558249473571777e+00
   -
      center_x: 1.5555000000000000e+03
      center_y: 1710.
      width: 114.
      height: 257.
      angle: 90.
   -
      center_x: 1.4774177246093750e+03
      center_y: 1.9453240966796875e+03
      width: 9.6823692321777344e+01
      height: 2.6548260498046875e+02
      angle: 8.6544830322265625e+01
   -
      center_x: 2.9450000000000000e+02
      center_y: 1127.
      width: 2.7589285278320312e+02
      height: 1.2332127380371094e+02
      angle: 3.5502967834472656e+00
   -
      center_x: 1.6195000000000000e+03
      center_y: 1840.
      width: 114.
      height: 231.
      angle: 90.
   -
      center_x: 7.6800207519531250e+02
      center_y: 1.6613547363281250e+03
      width: 3.1761608886718750e+02
      height: 9.9214096069335938e+01
      angle: 5.7823925018310547e+00
   -
      center_x: 2.9850000000000000e+02
      center_y: 488.
      width: 2.9402294921875000e+02
      height: 1.0595996856689453e+02
      angle: 1.5747451782226562e+00
   -
      center_x: 6.5368450927734375e+02
      center_y: 1.7928269042968750e+03
      width: 2.4049319458007812e+02
      height: 1.0638139343261719e+02
      angle: 4.8530964851379395e+00
   -
      center_x: 7.6928710937500000e+02
      center_y: 4.8805975341796875e+02
      width: 2.0122128295898438e+02
      height: 1.2551358032226562e+02
      angle: 1.1756673812866211e+01
   -
      center_x: 1239.
      center_y: 1.1354998779296875e+03
      width: 3.0245135498046875e+02
      height: 1.0633997344970703e+02
      angle: 3.2541165351867676e+00
   -
      center_x: 1436.
      center_y: 1848.
      width: 98.
      height: 206.
      angle: 90.
   -
      center_x: 2402.
      center_y: 985.
      width: 2.4986495971679688e+02
      height: 9.0352088928222656e+01
      angle: 5.5275402069091797e+00
   -
      center_x: 376.
      center_y: 1.6690002441406250e+03
      width: 2.7767727661132812e+02
      height: 1.2194802856445312e+02
      angle: 1.6723943948745728e+00
   -
      center_x: 1.2049998779296875e+03
      center_y: 1.3309998779296875e+03
      width: 2.5599996948242188e+02
      height: 8.9999984741210938e+01
      angle: 0.
   -
      center_x: 3.0750000000000000e+02
      center_y: 1.0050001220703125e+03
      width: 2.6611541748046875e+02
      height: 1.2226038360595703e+02
      angle: 3.4551730155944824e+00
   -
      center_x: 1.3801682128906250e+03
      center_y: 5.8386859130859375e+02
      width: 2.5746203613281250e+02
      height: 1.1435470581054688e+02
      angle: 4.5139880180358887e+00
   -
      center_x: 1.3160001220703125e+03
      center_y: 1042.
      width: 2.4912968444824219e+02
      height: 1.1434335327148438e+02
      angle: 3.7062895298004150e+00
   -
      center_x: 2385.
      center_y: 1.3225000000000000e+03
      width: 1.8819633483886719e+02
      height: 1.0132689666748047e+02
      angle: 1.2831778526306152e+01
   -
      center_x: 1564.
      center_y: 1.1355000000000000e+03
      width: 2.6247149658203125e+02
      height: 1.0730189514160156e+02
      angle: 7.3170075416564941e+00
