%YAML:1.0
---
rects:
   -
      center_x: 2.5199996948242188e+02
      center_y: 1.3024998779296875e+03
      width: 2.1399996948242188e+02
      height: 1.7899996948242188e+02
      angle: 0.
   -
      center_x: 1.0515000000000000e+03
      center_y: 700.
      width: 114.
      height: 291.
      angle: 90.
   -
      center_x: 6.2350000000000000e+02
      center_y: 1.4775000000000000e+03
      width: 139.
      height: 239.
      angle: 90.
   -
      center_x: 2.4262092285156250e+03
      center_y: 1.5229228515625000e+03
      width: 2.0748251342773438e+02
      height: 1.3344255065917969e+02
      angle: 8.8721323013305664e+00
   -
      center_x: 200.
      center_y: 1482.
      width: 228.
      height: 248.
      angle: 90.
   -
      center_x: 1.3075000000000000e+03
      center_y: 822.
      width: 2.5041079711914062e+02
      height: 1.0637401580810547e+02
      angle: 5.5275397300720215e+00
   -
      center_x: 1.5601574707031250e+03
      center_y: 1.6785865478515625e+03
      width: 1.7167875671386719e+02
      height: 1.3829316711425781e+02
      angle: 3.7313966751098633e+00
   -
      center_x: 1.1325001220703125e+03
      center_y: 553.
      width: 3.1434854125976562e+02
      height: 1.0619794464111328e+02
      angle: 1.4878673553466797e+00
   -
      center_x: 2107.
      center_y: 1.7015001220703125e+03
      width: 2.0209994506835938e+02
      height: 1.0729682159423828e+02
      angle: 7.2323784828186035e+00
   -
      center_x: 863.
      center_y: 834.
      width: 1.1424319458007812e+02
      height: 2.3618740844726562e+02
      angle: 8.8016517639160156e+01
   -
      center_x: 1.5467728271484375e+03
      center_y: 7.1385711669921875e+02
      width: 2.4123846435546875e+02
      height: 1.4003572082519531e+02
      angle: 6.9727697372436523e+00
   -
      center_x: 1.5882164306640625e+03
      center_y: 1.5100693359375000e+03
      width: 2.5612496948242188e+02
      height: 1.1419425201416016e+02
      angle: 1.7899105548858643e+00
   -
      center_x: 8.3300006103515625e+02
      center_y: 716.
      width: 1.2222978973388672e+02
      height: 1.9097607421875000e+02
      angle: 8.7563346862792969e+01
   -
      center_x: 8.7150000000000000e+02
      center_y: 5.5750000000000000e+02
      width: 139.
      height: 239.
      angle: 90.
