%YAML:1.0
---
rects:
   -
      x: 702
      y: 946
      width: 321
      height: 280
   -
      x: 1381
      y: 964
      width: 287
      height: 288
