%YAML:1.0
---
rects:
   -
      x: 1058
      y: 1382
      width: 143
      height: 241
