%YAML:1.0
---
rects:
   -
      x: 1125
      y: 847
      width: 77
      height: 62
