%YAML:1.0
---
rects:
   -
      center_x: 1.0665001220703125e+03
      center_y: 5.5950000000000000e+02
      width: 3.4987503051757812e+02
      height: 1.2622795104980469e+02
      angle: 2.4752216339111328e+00
   -
      center_x: 3.9149993896484375e+02
      center_y: 2.1104997558593750e+03
      width: 2.5699993896484375e+02
      height: 9.6999984741210938e+01
      angle: 0.
   -
      center_x: 1.0916821289062500e+03
      center_y: 1.2720551757812500e+03
      width: 3.1610122680664062e+02
      height: 1.0414385223388672e+02
      angle: 1.4502164125442505e+00
   -
      center_x: 1.9864998779296875e+03
      center_y: 2.0515000000000000e+03
      width: 1.9114254760742188e+02
      height: 1.5669880676269531e+02
      angle: 4.5618081092834473e+00
   -
      center_x: 1.1005000000000000e+03
      center_y: 2077.
      width: 1.5074342346191406e+02
      height: 1.6488000488281250e+02
      angle: 5.2578091621398926e+00
   -
      center_x: 2.1901235351562500e+03
      center_y: 2.0335312500000000e+03
      width: 1.8147329711914062e+02
      height: 1.4017491149902344e+02
      angle: 2.8624050617218018e+00
   -
      center_x: 1.0894998779296875e+03
      center_y: 2.2199996948242188e+02
      width: 1.6399996948242188e+02
      height: 4.7499993896484375e+02
      angle: 90.
   -
      center_x: 1.8732231445312500e+03
      center_y: 2.2329362792968750e+03
      width: 2.1196867370605469e+02
      height: 3.2780786132812500e+02
      angle: 4.0233521461486816e+00
   -
      center_x: 2.0735000000000000e+03
      center_y: 2159.
      width: 1.9451533508300781e+02
      height: 1.6312199401855469e+02
      angle: 4.5377726554870605e+00
