%YAML:1.0
---
rects:
   -
      x: 1726
      y: 1386
      width: 61
      height: 67
   -
      x: 1918
      y: 1360
      width: 59
      height: 62
