%YAML:1.0
---
rects:
   -
      center_x: 1064.
      center_y: 2.6449996948242188e+02
      width: 3.8781167602539062e+02
      height: 1.7896115112304688e+02
      angle: 1.1934893131256104e+00
   -
      center_x: 5.4650000000000000e+02
      center_y: 1.5629998779296875e+03
      width: 1.0730664825439453e+02
      height: 3.1379336547851562e+02
      angle: 8.2600402832031250e+01
   -
      center_x: 5.2670971679687500e+02
      center_y: 9.8507501220703125e+02
      width: 1.0617755126953125e+02
      height: 3.5109115600585938e+02
      angle: 8.8694335937500000e+01
   -
      center_x: 2308.
      center_y: 1.9455001220703125e+03
      width: 9.7313812255859375e+01
      height: 2.5025389099121094e+02
      angle: 8.6308616638183594e+01
   -
      center_x: 2.0985000000000000e+03
      center_y: 1.9495001220703125e+03
      width: 1.0637775421142578e+02
      height: 2.2353027343750000e+02
      angle: 8.5621025085449219e+01
   -
      center_x: 2.2525000000000000e+03
      center_y: 1465.
      width: 98.
      height: 333.
      angle: 90.
   -
      center_x: 1.0996192626953125e+03
      center_y: 5.1691827392578125e+02
      width: 2.8211349487304688e+02
      height: 1.1420938873291016e+02
      angle: 1.6249763965606689e+00
   -
      center_x: 2.1991137695312500e+03
      center_y: 1.3469072265625000e+03
      width: 3.2539358520507812e+02
      height: 1.0631430816650391e+02
      angle: 2.8184399604797363e+00
   -
      center_x: 2056.
      center_y: 4.5150000000000000e+02
      width: 9.6949554443359375e+01
      height: 2.5125639343261719e+02
      angle: 8.8152389526367188e+01
   -
      center_x: 3.2450006103515625e+02
      center_y: 1.2780001220703125e+03
      width: 1.1388694000244141e+02
      height: 3.6443206787109375e+02
      angle: 8.7448112487792969e+01
   -
      center_x: 7.7311468505859375e+02
      center_y: 2.3974912109375000e+03
      width: 1.1435447692871094e+02
      height: 3.2596008300781250e+02
      angle: 8.5601287841796875e+01
   -
      center_x: 2.3450003051757812e+02
      center_y: 1.5995000000000000e+03
      width: 1.0731618499755859e+02
      height: 2.5305578613281250e+02
      angle: 8.2420494079589844e+01
   -
      center_x: 4.9964068603515625e+02
      center_y: 2.4407976074218750e+03
      width: 1.4727525329589844e+02
      height: 2.0610386657714844e+02
      angle: 8.6496467590332031e+01
   -
      center_x: 1.3675000000000000e+03
      center_y: 1347.
      width: 1.2325648498535156e+02
      height: 5.7486413574218750e+02
      angle: 8.6703880310058594e+01
   -
      center_x: 1.7865002441406250e+03
      center_y: 1.9945000000000000e+03
      width: 9.8363975524902344e+01
      height: 2.8559851074218750e+02
      angle: 8.6550178527832031e+01
   -
      center_x: 2116.
      center_y: 9.6050000000000000e+02
      width: 2.9217803955078125e+02
      height: 1.0638134002685547e+02
      angle: 4.9102616310119629e+00
   -
      center_x: 2.5005000000000000e+03
      center_y: 9.5650000000000000e+02
      width: 1.9251890563964844e+02
      height: 9.8318252563476562e+01
      angle: 2.7407906055450439e+00
   -
      center_x: 1.8557082519531250e+03
      center_y: 2.1130812988281250e+03
      width: 9.8191780090332031e+01
      height: 3.2509844970703125e+02
      angle: 8.8589920043945312e+01
   -
      center_x: 9.8299987792968750e+02
      center_y: 4.0299996948242188e+02
      width: 1.2199998474121094e+02
      height: 2.5599996948242188e+02
      angle: 90.
   -
      center_x: 2.3209997558593750e+03
      center_y: 9.5199993896484375e+02
      width: 2.1751164245605469e+02
      height: 8.9937179565429688e+01
      angle: 2.1409013271331787e+00
   -
      center_x: 1.2865001220703125e+03
      center_y: 1.4815000000000000e+03
      width: 1.2233148193359375e+02
      height: 3.4299417114257812e+02
      angle: 8.5819145202636719e+01
   -
      center_x: 1902.
      center_y: 2.2389997558593750e+03
      width: 8.9968017578125000e+01
      height: 3.0250579833984375e+02
      angle: 8.8472465515136719e+01
   -
      center_x: 1.6795000000000000e+03
      center_y: 2259.
      width: 106.
      height: 197.
      angle: 90.
   -
      center_x: 2.0685000000000000e+03
      center_y: 297.
      width: 171.
      height: 106.
      angle: 0.
   -
      center_x: 2.1114997558593750e+03
      center_y: 1.1805001220703125e+03
      width: 2.3022496032714844e+02
      height: 9.1337089538574219e+01
      angle: 6.4251585006713867e+00
   -
      center_x: 1.2395545654296875e+03
      center_y: 1.6288889160156250e+03
      width: 1.3024594116210938e+02
      height: 2.3154663085937500e+02
      angle: 8.6478546142578125e+01
   -
      center_x: 5.1250006103515625e+02
      center_y: 2084.
      width: 1.3991970825195312e+02
      height: 3.1471173095703125e+02
      angle: 8.5359542846679688e+01
   -
      center_x: 3.6749993896484375e+02
      center_y: 1.1439998779296875e+03
      width: 2.0499996948242188e+02
      height: 1.0599998474121094e+02
      angle: 0.
   -
      center_x: 1902.
      center_y: 313.
      width: 154.
      height: 196.
      angle: 90.
