%YAML:1.0
---
rects:
   -
      x: 1057
      y: 1772
      width: 180
      height: 196
   -
      x: 1434
      y: 1697
      width: 230
      height: 213
