%YAML:1.0
---
rects:
   -
      x: 755
      y: 636
      width: 146
      height: 186
   -
      x: 2692
      y: 625
      width: 145
      height: 146
