%YAML:1.0
---
rects:
   -
      center_x: 2.6417071533203125e+02
      center_y: 1.0844017333984375e+03
      width: 1.3623509216308594e+02
      height: 3.2690548706054688e+02
      angle: 8.6633544921875000e+01
   -
      center_x: 4.5284317016601562e+02
      center_y: 4.4845367431640625e+02
      width: 1.5418423461914062e+02
      height: 2.6115512084960938e+02
      angle: 8.8025070190429688e+01
   -
      center_x: 1.8275000000000000e+03
      center_y: 3.7999996948242188e+02
      width: 2.9504983520507812e+02
      height: 1.1127700805664062e+02
      angle: 3.3206059932708740e+00
   -
      center_x: 1498.
      center_y: 3.8850000000000000e+02
      width: 111.
      height: 342.
      angle: 90.
   -
      center_x: 3.3300002441406250e+03
      center_y: 1.2735000000000000e+03
      width: 1.1093171691894531e+02
      height: 2.3203262329101562e+02
      angle: 8.7990447998046875e+01
   -
      center_x: 2.8169997558593750e+03
      center_y: 4.0149996948242188e+02
      width: 3.0999993896484375e+02
      height: 1.0299998474121094e+02
      angle: 0.
   -
      center_x: 537.
      center_y: 1316.
      width: 120.
      height: 162.
      angle: 90.
   -
      center_x: 2.4385000000000000e+03
      center_y: 1000.
      width: 120.
      height: 301.
      angle: 90.
   -
      center_x: 1.4854998779296875e+03
      center_y: 1.2435000000000000e+03
      width: 1.0286308288574219e+02
      height: 1.6051538085937500e+02
      angle: 8.7045417785644531e+01
   -
      center_x: 1.2696342773437500e+03
      center_y: 1.2775284423828125e+03
      width: 9.4336936950683594e+01
      height: 2.2065582275390625e+02
      angle: 8.5581382751464844e+01
   -
      center_x: 6.7550000000000000e+02
      center_y: 4.3550000000000000e+02
      width: 119.
      height: 179.
      angle: 90.
   -
      center_x: 2.6381589355468750e+03
      center_y: 1.1581330566406250e+03
      width: 9.4632339477539062e+01
      height: 2.0479258728027344e+02
      angle: 8.4957550048828125e+01
   -
      center_x: 2373.
      center_y: 1.2865000000000000e+03
      width: 1.0294086456298828e+02
      height: 2.3962504577636719e+02
      angle: 8.8058517456054688e+01
   -
      center_x: 2.6785000000000000e+03
      center_y: 1.2905000000000000e+03
      width: 103.
      height: 195.
      angle: 90.
   -
      center_x: 1.7050000000000000e+02
      center_y: 1333.
      width: 120.
      height: 147.
      angle: 90.
   -
      center_x: 6.9150000000000000e+02
      center_y: 1094.
      width: 1.7565457153320312e+02
      height: 1.1920768737792969e+02
      angle: 5.6774172782897949e+00
   -
      center_x: 2.7275004882812500e+03
      center_y: 9.9550000000000000e+02
      width: 1.9938615417480469e+02
      height: 1.0291343688964844e+02
      angle: 2.3492786884307861e+00
   -
      center_x: 647.
      center_y: 5.5550000000000000e+02
      width: 1.2888336181640625e+02
      height: 1.9365451049804688e+02
      angle: 8.7563346862792969e+01
   -
      center_x: 3489.
      center_y: 1.0085000000000000e+03
      width: 2.5199996948242188e+02
      height: 1.0299998474121094e+02
      angle: 0.
   -
      center_x: 2.3695000000000000e+03
      center_y: 1141.
      width: 163.
      height: 112.
      angle: 0.
   -
      center_x: 1449.
      center_y: 1034.
      width: 120.
      height: 162.
      angle: 90.
   -
      center_x: 333.
      center_y: 1329.
      width: 112.
      height: 114.
      angle: 90.
