%YAML:1.0
---
rects:
   -
      center_x: 1.0538525390625000e+03
      center_y: 5.9996759033203125e+02
      width: 5.4080295562744141e+01
      height: 1.6704789733886719e+02
      angle: 8.8627906799316406e+01
   -
      center_x: 1.0645000000000000e+03
      center_y: 745.
      width: 1.8092131042480469e+02
      height: 8.3979034423828125e+01
      angle: 1.2801395654678345e+00
   -
      center_x: 1.0227537841796875e+03
      center_y: 1.3264827880859375e+03
      width: 1.0906293487548828e+02
      height: 3.5009140014648438e+02
      angle: 8.8690605163574219e+01
   -
      center_x: 6.2750000000000000e+02
      center_y: 7.2150000000000000e+02
      width: 8.4083221435546875e+01
      height: 2.9455731201171875e+02
      angle: 8.8240615844726562e+01
   -
      center_x: 1.9240930175781250e+02
      center_y: 7.6386065673828125e+02
      width: 1.9543283081054688e+02
      height: 6.2860466003417969e+01
      angle: 3.8140749931335449e+00
   -
      center_x: 1463.
      center_y: 1.3999998474121094e+02
      width: 6.6953826904296875e+01
      height: 3.5272821044921875e+02
      angle: 8.7872848510742188e+01
   -
      center_x: 9.2650000000000000e+02
      center_y: 1.4650000000000000e+02
      width: 101.
      height: 163.
      angle: 90.
   -
      center_x: 2620.
      center_y: 795.
      width: 54.
      height: 134.
      angle: 90.
   -
      center_x: 2136.
      center_y: 772.
      width: 354.
      height: 100.
      angle: 0.
