%YAML:1.0
---
rects:
   -
      x: 2061
      y: 2109
      width: 149
      height: 145
