%YAML:1.0
---
rects:
   -
      x: 1729
      y: 2622
      width: 199
      height: 164
