%YAML:1.0
---
rects:
   -
      center_x: 1457.
      center_y: 3.1345000000000000e+03
      width: 7.2597521972656250e+02
      height: 1.6319615173339844e+02
      angle: 8.7236145019531250e+01
   -
      center_x: 2.2695000000000000e+03
      center_y: 2.5115000000000000e+03
      width: 5.1977319335937500e+02
      height: 1.9589244079589844e+02
      angle: 8.8102005004882812e+01
   -
      center_x: 2.2695002441406250e+03
      center_y: 1054.
      width: 6.8641107177734375e+02
      height: 1.1128705596923828e+02
      angle: 8.5652549743652344e+01
   -
      center_x: 1389.
      center_y: 2068.
      width: 4.4287222290039062e+02
      height: 1.5397454833984375e+02
      angle: 8.8958374023437500e+01
   -
      center_x: 2.0429526367187500e+03
      center_y: 2.6143291015625000e+03
      width: 6.0306719970703125e+02
      height: 1.1110704040527344e+02
      angle: 8.9144905090332031e+01
   -
      center_x: 2261.
      center_y: 504.
      width: 6.9969415283203125e+02
      height: 1.0336391448974609e+02
      angle: 8.3659812927246094e+01
