%YAML:1.0
---
rects:
   -
      x: 189
      y: 2195
      width: 157
      height: 361
