%YAML:1.0
---
rects:
   -
      center_x: 2.0539794921875000e+02
      center_y: 1.8152337646484375e+03
      width: 2.3062741088867188e+02
      height: 9.7733398437500000e+01
      angle: 4.2272186279296875e+00
   -
      center_x: 2.2409663085937500e+03
      center_y: 1.0944455566406250e+03
      width: 4.4507192993164062e+02
      height: 1.6313543701171875e+02
      angle: 1.0299255847930908e+00
   -
      center_x: 2.0945002441406250e+03
      center_y: 1539.
      width: 4.4697723388671875e+02
      height: 1.0598287963867188e+02
      angle: 1.0299255847930908e+00
   -
      center_x: 3.3300003051757812e+02
      center_y: 2.6785000000000000e+03
      width: 3.6365338134765625e+02
      height: 1.0109988403320312e+02
      angle: 1.0520783424377441e+01
   -
      center_x: 363.
      center_y: 1.6690002441406250e+03
      width: 3.3625082397460938e+02
      height: 8.9974182128906250e+01
      angle: 1.3720916509628296e+00
   -
      center_x: 2.3119997558593750e+03
      center_y: 3.8199993896484375e+02
      width: 1.2999996948242188e+02
      height: 2.8199993896484375e+02
      angle: 90.
   -
      center_x: 1.1263000488281250e+03
      center_y: 2.2430998535156250e+03
      width: 3.6834768676757812e+02
      height: 1.0589995574951172e+02
      angle: 2.4895527362823486e+00
   -
      center_x: 2.2354997558593750e+03
      center_y: 541.
      width: 1.2199998474121094e+02
      height: 3.1699993896484375e+02
      angle: 90.
   -
      center_x: 2.1325000000000000e+03
      center_y: 1396.
      width: 3.4641058349609375e+02
      height: 1.0630478668212891e+02
      angle: 2.6785511970520020e+00
   -
      center_x: 1.6647843933105469e+02
      center_y: 1.2540905761718750e+03
      width: 2.2314338684082031e+02
      height: 2.2047395324707031e+02
      angle: 2.0920662879943848e+00
   -
      center_x: 1.9650000000000000e+02
      center_y: 2076.
      width: 114.
      height: 359.
      angle: 90.
   -
      center_x: 2030.
      center_y: 2.1820002441406250e+03
      width: 3.4503784179687500e+02
      height: 1.1424930572509766e+02
      angle: 2.6785511970520020e+00
   -
      center_x: 2.7750000000000000e+02
      center_y: 1551.
      width: 106.
      height: 317.
      angle: 90.
   -
      center_x: 2.1129594726562500e+03
      center_y: 1.2859165039062500e+03
      width: 2.9110998535156250e+02
      height: 1.0620730590820312e+02
      angle: 1.5747450590133667e+00
   -
      center_x: 2.4529997558593750e+03
      center_y: 2.3489997558593750e+03
      width: 1.8158290100097656e+02
      height: 2.1549859619140625e+02
      angle: 6.9919252395629883e+00
   -
      center_x: 1.1924968261718750e+03
      center_y: 1.9495427246093750e+03
      width: 2.2357107543945312e+02
      height: 1.0637738800048828e+02
      angle: 4.3569750785827637e+00
   -
      center_x: 1.4705546875000000e+03
      center_y: 1.9741312255859375e+03
      width: 2.2542845153808594e+02
      height: 1.2416404724121094e+02
      angle: 8.3929252624511719e+00
   -
      center_x: 2419.
      center_y: 1278.
      width: 114.
      height: 240.
      angle: 90.
   -
      center_x: 1.9705000000000000e+03
      center_y: 2.3325002441406250e+03
      width: 2.2655711364746094e+02
      height: 1.1427098083496094e+02
      angle: 2.3215308189392090e+00
   -
      center_x: 1.7992976379394531e+02
      center_y: 1.9332896728515625e+03
      width: 2.4858197021484375e+02
      height: 8.9789291381835938e+01
      angle: 3.9213986396789551e+00
   -
      center_x: 2.5005000000000000e+03
      center_y: 1575.
      width: 138.
      height: 231.
      angle: 90.
   -
      center_x: 9.7399987792968750e+02
      center_y: 1913.
      width: 2.0909872436523438e+02
      height: 1.2314916992187500e+02
      angle: 6.6774024963378906e+00
   -
      center_x: 2.1925000000000000e+03
      center_y: 2357.
      width: 2.0714077758789062e+02
      height: 1.2225260925292969e+02
      angle: 4.4628181457519531e+00
   -
      center_x: 1.1835000000000000e+03
      center_y: 2.1130002441406250e+03
      width: 1.9231530761718750e+02
      height: 1.1427954101562500e+02
      angle: 2.4366483688354492e+00
   -
      center_x: 970.
      center_y: 2.0800002441406250e+03
      width: 1.3957244873046875e+02
      height: 1.1433078765869141e+02
      angle: 3.3419435024261475e+00
   -
      center_x: 2.4319997558593750e+03
      center_y: 1.4289998779296875e+03
      width: 1.2199998474121094e+02
      height: 1.9599996948242188e+02
      angle: 90.
   -
      center_x: 2.3676008300781250e+03
      center_y: 2.1965563964843750e+03
      width: 1.8865744018554688e+02
      height: 2.4459150695800781e+02
      angle: 3.9854786396026611e+00
