%YAML:1.0
---
rects:
   -
      center_x: 1.8973082275390625e+03
      center_y: 1.4934814453125000e+03
      width: 2.4915858459472656e+02
      height: 9.7415870666503906e+01
      angle: 5.5275397300720215e+00
   -
      center_x: 1.8494938964843750e+03
      center_y: 7.1608502197265625e+02
      width: 2.8211349487304688e+02
      height: 1.0621260070800781e+02
      angle: 1.6249763965606689e+00
   -
      center_x: 1.7691837158203125e+03
      center_y: 2.4710141601562500e+03
      width: 3.1790722656250000e+02
      height: 1.1435411071777344e+02
      angle: 4.3295912742614746e+00
   -
      center_x: 1842.
      center_y: 3.5799993896484375e+02
      width: 1.2999996948242188e+02
      height: 4.0199993896484375e+02
      angle: 90.
   -
      center_x: 1.2301667480468750e+03
      center_y: 2.4834177246093750e+03
      width: 3.3562628173828125e+02
      height: 9.8311729431152344e+01
      angle: 5.6426467895507812e+00
   -
      center_x: 2.2137348632812500e+03
      center_y: 7.4827966308593750e+02
      width: 2.4914166259765625e+02
      height: 1.1428035736083984e+02
      angle: 4.0141754150390625e+00
   -
      center_x: 2.2650705566406250e+03
      center_y: 8.5444110107421875e+02
      width: 2.4225811767578125e+02
      height: 1.3110395812988281e+02
      angle: 7.8290772438049316e+00
   -
      center_x: 1.1921090087890625e+03
      center_y: 1.9129750976562500e+03
      width: 3.7776315307617188e+02
      height: 1.3822946166992188e+02
      angle: 3.6425607204437256e+00
   -
      center_x: 2325.
      center_y: 2.5359997558593750e+03
      width: 4.0370803833007812e+02
      height: 1.0630055236816406e+02
      angle: 4.5512614250183105e+00
   -
      center_x: 5.5989477539062500e+02
      center_y: 1.4610609130859375e+03
      width: 2.1652943420410156e+02
      height: 1.0636428833007812e+02
      angle: 8.7662811279296875e+00
   -
      center_x: 5.7250000000000000e+02
      center_y: 1.3105000000000000e+03
      width: 2.7922662353515625e+02
      height: 1.1521482849121094e+02
      angle: 6.8675098419189453e+00
   -
      center_x: 5.3833911132812500e+02
      center_y: 2.3644030761718750e+03
      width: 2.2528427124023438e+02
      height: 1.2445610046386719e+02
      angle: 8.1660690307617188e+00
   -
      center_x: 2.3450000000000000e+02
      center_y: 1.4245000000000000e+03
      width: 2.5907586669921875e+02
      height: 9.8314338684082031e+01
      angle: 3.7844803333282471e+00
   -
      center_x: 2.0538391113281250e+02
      center_y: 1.3062520751953125e+03
      width: 2.4858197021484375e+02
      height: 1.0575183105468750e+02
      angle: 3.9213986396789551e+00
   -
      center_x: 1876.
      center_y: 517.
      width: 1.1396348571777344e+02
      height: 3.1898638916015625e+02
      angle: 8.8549781799316406e+01
   -
      center_x: 376.
      center_y: 5.6150000000000000e+02
      width: 2.1056199645996094e+02
      height: 1.0727839660644531e+02
      angle: 6.9529576301574707e+00
   -
      center_x: 2.9052783203125000e+02
      center_y: 6.6257556152343750e+02
      width: 2.3155187988281250e+02
      height: 1.2226200866699219e+02
      angle: 3.7517290115356445e+00
   -
      center_x: 6.4950000000000000e+02
      center_y: 1563.
      width: 2.2215513610839844e+02
      height: 1.0035984802246094e+02
      angle: 1.2955319404602051e+01
   -
      center_x: 2.1350001525878906e+02
      center_y: 1156.
      width: 3.1757208251953125e+02
      height: 1.4721746826171875e+02
      angle: 3.0697038173675537e+00
   -
      center_x: 1.8935000000000000e+03
      center_y: 8.1799993896484375e+02
      width: 2.9358798217773438e+02
      height: 1.0633482360839844e+02
      angle: 3.1579449176788330e+00
   -
      center_x: 6.2412316894531250e+02
      center_y: 3.6606030273437500e+02
      width: 2.4915858459472656e+02
      height: 1.0637401580810547e+02
      angle: 5.5275397300720215e+00
   -
      center_x: 1.2264998779296875e+03
      center_y: 2035.
      width: 2.9899993896484375e+02
      height: 1.2999996948242188e+02
      angle: 0.
   -
      center_x: 7.0499993896484375e+02
      center_y: 488.
      width: 2.7345443725585938e+02
      height: 1.0710129547119141e+02
      angle: 5.1749339103698730e+00
   -
      center_x: 7.6425286865234375e+02
      center_y: 2.4143933105468750e+03
      width: 2.9509619140625000e+02
      height: 1.5850640869140625e+02
      angle: 9.6518335342407227e+00
   -
      center_x: 1.8635000000000000e+03
      center_y: 2.1165000000000000e+03
      width: 2.8389010620117188e+02
      height: 9.1172378540039062e+01
      angle: 5.2132825851440430e+00
   -
      center_x: 2.1455000000000000e+03
      center_y: 5.2500006103515625e+02
      width: 2.0960142517089844e+02
      height: 1.1391328430175781e+02
      angle: 2.2347989082336426e+00
   -
      center_x: 1.8720001220703125e+03
      center_y: 1396.
      width: 2.3431306457519531e+02
      height: 9.0406768798828125e+01
      angle: 3.9622106552124023e+00
   -
      center_x: 658.
      center_y: 6.8350000000000000e+02
      width: 2.2783444213867188e+02
      height: 9.9581497192382812e+01
      angle: 8.4550275802612305e+00
   -
      center_x: 3.4022863769531250e+02
      center_y: 1.5388193359375000e+03
      width: 2.8392428588867188e+02
      height: 9.9311683654785156e+01
      angle: 6.6744685173034668e+00
   -
      center_x: 2385.
      center_y: 1.6855001220703125e+03
      width: 6.5812982177734375e+02
      height: 1.8874926757812500e+02
      angle: 8.4045890808105469e+01
   -
      center_x: 2.5492392578125000e+03
      center_y: 2.1656643066406250e+03
      width: 2.6617660522460938e+02
      height: 1.2221208190917969e+02
      angle: 5.3893117904663086e+00
   -
      center_x: 2086.
      center_y: 1392.
      width: 1.8129389953613281e+02
      height: 1.5424829101562500e+02
      angle: 2.5590023994445801e+00
   -
      center_x: 1919.
      center_y: 1.2495000000000000e+03
      width: 1.7573533630371094e+02
      height: 1.3923394775390625e+02
      angle: 5.3454451560974121e+00
   -
      center_x: 500.
      center_y: 1.1680001220703125e+03
      width: 3.0924533081054688e+02
      height: 1.3822918701171875e+02
      angle: 2.9737310409545898e+00
   -
      center_x: 2278.
      center_y: 590.
      width: 1.8158865356445312e+02
      height: 1.1636822509765625e+02
      angle: 7.9893269538879395e+00
   -
      center_x: 8.6188159179687500e+02
      center_y: 1.4701599121093750e+03
      width: 2.1953813171386719e+02
      height: 1.2651103210449219e+02
      angle: 1.2896809577941895e+01
   -
      center_x: 1.8700501708984375e+03
      center_y: 1.5996448974609375e+03
      width: 2.9948291015625000e+02
      height: 8.9854881286621094e+01
      angle: 3.2541160583496094e+00
   -
      center_x: 1.8675645751953125e+03
      center_y: 2.0142968750000000e+03
      width: 3.4276168823242188e+02
      height: 1.0720194244384766e+02
      angle: 5.2471389770507812e+00
