%YAML:1.0
---
rects:
   -
      x: 1633
      y: 1155
      width: 59
      height: 77
