%YAML:1.0
---
rects:
   -
      center_x: 1214.
      center_y: 2.3550000000000000e+02
      width: 5.2718927001953125e+02
      height: 1.8711611938476562e+02
      angle: 8.7971252202987671e-01
   -
      center_x: 7.8547399902343750e+02
      center_y: 6.7927502441406250e+02
      width: 2.4237141418457031e+02
      height: 1.2317874908447266e+02
      angle: 7.9327583312988281e+00
   -
      center_x: 1.0595001220703125e+03
      center_y: 7.1200012207031250e+02
      width: 3.6336352539062500e+02
      height: 8.9910743713378906e+01
      angle: 2.5518836975097656e+00
   -
      center_x: 7.6450000000000000e+02
      center_y: 1.7665000000000000e+03
      width: 131.
      height: 333.
      angle: 90.
   -
      center_x: 4.7450000000000000e+02
      center_y: 1.7545000000000000e+03
      width: 171.
      height: 265.
      angle: 90.
   -
      center_x: 1.1155000000000000e+03
      center_y: 1168.
      width: 3.4491516113281250e+02
      height: 1.3826982116699219e+02
      angle: 2.6785509586334229e+00
   -
      center_x: 2.6450000000000000e+02
      center_y: 1144.
      width: 2.6870172119140625e+02
      height: 1.3119606018066406e+02
      angle: 1.9451467990875244e+00
