%YAML:1.0
---
rects:
   -
      center_x: 2.5583032226562500e+02
      center_y: 1.6250962829589844e+02
      width: 1.4721713256835938e+02
      height: 2.8245355224609375e+02
      angle: 8.6752655029296875e+01
   -
      center_x: 2180.
      center_y: 2.1950003051757812e+02
      width: 4.6447586059570312e+02
      height: 1.3897917175292969e+02
      angle: 9.9203556776046753e-01
   -
      center_x: 1218.
      center_y: 1.8250000000000000e+02
      width: 248.
      height: 155.
      angle: 0.
   -
      center_x: 1.2618009033203125e+03
      center_y: 3.5407290649414062e+02
      width: 1.1417547607421875e+02
      height: 3.5109115600585938e+02
      angle: 8.8694335937500000e+01
   -
      center_x: 5.4250006103515625e+02
      center_y: 8.1800006103515625e+02
      width: 9.0414131164550781e+01
      height: 2.2508287048339844e+02
      angle: 8.5877700805664062e+01
   -
      center_x: 2.2727938842773438e+02
      center_y: 8.0985852050781250e+02
      width: 2.0519746398925781e+02
      height: 1.4685853576660156e+02
      angle: 2.5138101577758789e+00
   -
      center_x: 2.5135000000000000e+03
      center_y: 228.
      width: 114.
      height: 205.
      angle: 90.
   -
      center_x: 2.5729997558593750e+03
      center_y: 1.1069998779296875e+03
      width: 1.1399998474121094e+02
      height: 2.2199996948242188e+02
      angle: 90.
