%YAML:1.0
---
rects:
   -
      x: 2001
      y: 477
      width: 81
      height: 77
