%YAML:1.0
---
rects:
   -
      x: 573
      y: 657
      width: 198
      height: 316
   -
      x: 1211
      y: 650
      width: 421
      height: 353
