%YAML:1.0
---
rects:
   -
      center_x: 6.4049987792968750e+02
      center_y: 2.5599998474121094e+02
      width: 1.0625434875488281e+02
      height: 3.5452932739257812e+02
      angle: 8.7390029907226562e+01
   -
      center_x: 1.6709998779296875e+03
      center_y: 1.1109998779296875e+03
      width: 2.8199993896484375e+02
      height: 1.0599998474121094e+02
      angle: 0.
   -
      center_x: 2.4353171386718750e+03
      center_y: 3.0892608642578125e+02
      width: 1.0617419433593750e+02
      height: 3.5908911132812500e+02
      angle: 8.8723434448242188e+01
   -
      center_x: 2.2750598144531250e+02
      center_y: 1.2289150390625000e+03
      width: 2.8211349487304688e+02
      height: 1.0621260070800781e+02
      angle: 1.6249763965606689e+00
   -
      center_x: 5.6807952880859375e+02
      center_y: 1.3704931640625000e+03
      width: 2.9206491088867188e+02
      height: 1.1435470581054688e+02
      angle: 4.5139880180358887e+00
   -
      center_x: 7.2932971191406250e+02
      center_y: 1.1073011474609375e+03
      width: 3.7812167358398438e+02
      height: 1.0720358276367188e+02
      angle: 6.0724563598632812e+00
   -
      center_x: 2.0371232604980469e+02
      center_y: 1.3511815185546875e+03
      width: 2.8345190429687500e+02
      height: 1.1381823730468750e+02
      angle: 3.2358922958374023e+00
   -
      center_x: 957.
      center_y: 244.
      width: 130.
      height: 256.
      angle: 90.
   -
      center_x: 2.2696015625000000e+03
      center_y: 1.1131723632812500e+03
      width: 2.2254573059082031e+02
      height: 1.6224981689453125e+02
      angle: 3.1798300743103027e+00
   -
      center_x: 6.1100006103515625e+02
      center_y: 1.2335000000000000e+03
      width: 3.6237942504882812e+02
      height: 1.2331332397460938e+02
      angle: 5.0936822891235352e+00
   -
      center_x: 2.2355002441406250e+03
      center_y: 1.3025001220703125e+03
      width: 3.6080340576171875e+02
      height: 1.4721038818359375e+02
      angle: 2.5518836975097656e+00
   -
      center_x: 1.6650000000000000e+02
      center_y: 1.0785000000000000e+03
      width: 2.3567257690429688e+02
      height: 1.3092150878906250e+02
      angle: 1.9834766387939453e+00
   -
      center_x: 1919.
      center_y: 1.0989998779296875e+03
      width: 2.8199993896484375e+02
      height: 1.1399998474121094e+02
      angle: 0.
   -
      center_x: 568.
      center_y: 5.6950000000000000e+02
      width: 1.0636914825439453e+02
      height: 3.6148391723632812e+02
      angle: 8.6016479492187500e+01
   -
      center_x: 1.8975001220703125e+03
      center_y: 435.
      width: 1.0633961486816406e+02
      height: 2.8543457031250000e+02
      angle: 8.6752655029296875e+01
   -
      center_x: 2.4360002441406250e+03
      center_y: 435.
      width: 3.7816973876953125e+02
      height: 9.7977828979492188e+01
      angle: 1.2188751697540283e+00
   -
      center_x: 1.3334006347656250e+03
      center_y: 4.2982733154296875e+02
      width: 2.6544168090820312e+02
      height: 1.8717103576660156e+02
      angle: 2.4496626853942871e+00
   -
      center_x: 4.5250000000000000e+02
      center_y: 4.5950006103515625e+02
      width: 1.0636731719970703e+02
      height: 2.5031179809570312e+02
      angle: 8.6078598022460938e+01
   -
      center_x: 4.1399993896484375e+02
      center_y: 2.4799996948242188e+02
      width: 2.1399996948242188e+02
      height: 1.3799996948242188e+02
      angle: 0.
   -
      center_x: 9.3149993896484375e+02
      center_y: 541.
      width: 1.9825582885742188e+02
      height: 1.0629972839355469e+02
      angle: 4.6432728767395020e+00
