%YAML:1.0
---
rects:
   -
      center_x: 3.8688632202148438e+02
      center_y: 2.5591836547851562e+02
      width: 1.1420880126953125e+02
      height: 2.8311303710937500e+02
      angle: 8.8380760192871094e+01
   -
      center_x: 1.4235000000000000e+03
      center_y: 4.5150000000000000e+02
      width: 105.
      height: 265.
      angle: 90.
   -
      center_x: 1.9445000000000000e+03
      center_y: 2206.
      width: 114.
      height: 453.
      angle: 90.
   -
      center_x: 1.5385000000000000e+03
      center_y: 2.2349996948242188e+02
      width: 1.2299998474121094e+02
      height: 3.7699993896484375e+02
      angle: 90.
   -
      center_x: 6.7899993896484375e+02
      center_y: 1.3715000000000000e+03
      width: 3.6339224243164062e+02
      height: 1.0625936889648438e+02
      angle: 2.7036256790161133e+00
   -
      center_x: 3.5450000000000000e+02
      center_y: 1.3719998779296875e+03
      width: 1.9699996948242188e+02
      height: 1.0599998474121094e+02
      angle: 0.
   -
      center_x: 1.6885000000000000e+03
      center_y: 1.1315000000000000e+03
      width: 131.
      height: 231.
      angle: 90.
   -
      center_x: 1.9274998779296875e+03
      center_y: 2353.
      width: 1.2230263519287109e+02
      height: 4.6528173828125000e+02
      angle: 8.7026268005371094e+01
   -
      center_x: 662.
      center_y: 9.1150006103515625e+02
      width: 2.4049281311035156e+02
      height: 1.1435125732421875e+02
      angle: 4.0685796737670898e+00
   -
      center_x: 3.1150000000000000e+02
      center_y: 4.1500003051757812e+02
      width: 1.1433940124511719e+02
      height: 2.5837088012695312e+02
      angle: 8.6423667907714844e+01
   -
      center_x: 3.6300006103515625e+02
      center_y: 1099.
      width: 1.3028526306152344e+02
      height: 3.2799044799804688e+02
      angle: 8.7181556701660156e+01
   -
      center_x: 2.3637158203125000e+03
      center_y: 2.1861416015625000e+03
      width: 2.6015475463867188e+02
      height: 2.2244277954101562e+02
      angle: 8.7859107971191406e+01
   -
      center_x: 1791.
      center_y: 456.
      width: 114.
      height: 248.
      angle: 90.
   -
      center_x: 1688.
      center_y: 354.
      width: 106.
      height: 248.
      angle: 90.
   -
      center_x: 6.0250000000000000e+02
      center_y: 3.9049993896484375e+02
      width: 2.3099996948242188e+02
      height: 1.3099996948242188e+02
      angle: 0.
   -
      center_x: 1.8549998779296875e+03
      center_y: 749.
      width: 2.8710437011718750e+02
      height: 1.0618424224853516e+02
      angle: 1.6249763965606689e+00
   -
      center_x: 3.7599993896484375e+02
      center_y: 944.
      width: 2.2199996948242188e+02
      height: 1.2999996948242188e+02
      angle: 0.
   -
      center_x: 1.8113601684570312e+02
      center_y: 1.3761057128906250e+03
      width: 1.0589429473876953e+02
      height: 1.7917868041992188e+02
      angle: 8.7440994262695312e+01
   -
      center_x: 2.0927231445312500e+03
      center_y: 1.2410848388671875e+03
      width: 2.5712448120117188e+02
      height: 1.1422481536865234e+02
      angle: 1.7829504013061523e+00
   -
      center_x: 1855.
      center_y: 2056.
      width: 2.5599996948242188e+02
      height: 1.0599998474121094e+02
      angle: 0.
   -
      center_x: 1393.
      center_y: 358.
      width: 114.
      height: 256.
      angle: 90.
   -
      center_x: 1.7010002441406250e+03
      center_y: 8.7100006103515625e+02
      width: 2.7043527221679688e+02
      height: 1.2221601867675781e+02
      angle: 1.7291586399078369e+00
   -
      center_x: 1.9875000000000000e+03
      center_y: 891.
      width: 2.3508418273925781e+02
      height: 1.1393169403076172e+02
      angle: 1.9834766387939453e+00
   -
      center_x: 1.9471342773437500e+03
      center_y: 1.0255750732421875e+03
      width: 2.5615817260742188e+02
      height: 1.0621562957763672e+02
      angle: 2.0134756565093994e+00
   -
      center_x: 1.2350000000000000e+02
      center_y: 2552.
      width: 2.3453039550781250e+02
      height: 9.7941291809082031e+01
      angle: 1.9834766387939453e+00
   -
      center_x: 6.3649993896484375e+02
      center_y: 1229.
      width: 2.4358322143554688e+02
      height: 1.0620829772949219e+02
      angle: 1.9171348810195923e+00
   -
      center_x: 662.
      center_y: 1087.
      width: 106.
      height: 196.
      angle: 90.
   -
      center_x: 1.9001607666015625e+03
      center_y: 1.2331245117187500e+03
      width: 1.7118702697753906e+02
      height: 1.1387544250488281e+02
      angle: 2.6785509586334229e+00
   -
      center_x: 1.2350000000000000e+02
      center_y: 2349.
      width: 197.
      height: 138.
      angle: 0.
   -
      center_x: 1.6880001220703125e+03
      center_y: 1254.
      width: 2.0939183044433594e+02
      height: 1.2225815582275391e+02
      angle: 2.2347989082336426e+00
   -
      center_x: 4.2846398925781250e+02
      center_y: 1.2130699462890625e+03
      width: 1.0618029785156250e+02
      height: 2.9011032104492188e+02
      angle: 8.8419830322265625e+01
   -
      center_x: 1.9915000000000000e+03
      center_y: 1.1109998779296875e+03
      width: 2.3899996948242188e+02
      height: 1.0599998474121094e+02
      angle: 0.
   -
      center_x: 320.
      center_y: 2.5605000000000000e+03
      width: 1.9203894042968750e+02
      height: 9.7252403259277344e+01
      angle: 2.4366483688354492e+00
   -
      center_x: 9.4858715820312500e+02
      center_y: 1.1189617919921875e+03
      width: 2.0846633911132812e+02
      height: 1.0879284667968750e+02
      angle: 9.1966552734375000e+00
