%YAML:1.0
---
rects:
   -
      x: 1189
      y: 464
      width: 412
      height: 162
