%YAML:1.0
---
rects:
   -
      center_x: 2.0615000000000000e+03
      center_y: 5.4650000000000000e+02
      width: 1.3467103576660156e+02
      height: 7.9055122375488281e+01
      angle: 2.5637700557708740e+00
   -
      center_x: 3.9650000000000000e+02
      center_y: 7.9700006103515625e+02
      width: 8.0048660278320312e+01
      height: 2.3540861511230469e+02
      angle: 8.7064331054687500e+01
   -
      center_x: 592.
      center_y: 8.1050000000000000e+02
      width: 77.
      height: 100.
      angle: 90.
   -
      center_x: 6.0240460205078125e+02
      center_y: 3.0800274658203125e+02
      width: 9.8045738220214844e+01
      height: 6.2825793457031250e+02
      angle: 8.8358215332031250e+01
   -
      center_x: 1.8615000000000000e+03
      center_y: 5.3250000000000000e+02
      width: 113.
      height: 287.
      angle: 90.
   -
      center_x: 8.1750012207031250e+02
      center_y: 7.8600006103515625e+02
      width: 7.0054016113281250e+01
      height: 3.0173733520507812e+02
      angle: 8.6566368103027344e+01
