%YAML:1.0
---
rects:
   -
      center_x: 2.0555002441406250e+03
      center_y: 4.5550003051757812e+02
      width: 3.1295886230468750e+02
      height: 1.1431005096435547e+02
      angle: 6.1155028343200684e+00
   -
      center_x: 1.6751101074218750e+03
      center_y: 4.6094406127929688e+02
      width: 1.1503800964355469e+02
      height: 3.0034854125976562e+02
      angle: 8.5643028259277344e+01
   -
      center_x: 577.
      center_y: 1.1719998779296875e+03
      width: 1.1399998474121094e+02
      height: 2.8199993896484375e+02
      angle: 90.
   -
      center_x: 307.
      center_y: 1001.
      width: 130.
      height: 308.
      angle: 90.
   -
      center_x: 1705.
      center_y: 1217.
      width: 106.
      height: 402.
      angle: 90.
   -
      center_x: 2.1750000000000000e+02
      center_y: 1184.
      width: 299.
      height: 106.
      angle: 0.
   -
      center_x: 2.2542229003906250e+03
      center_y: 1.2659312744140625e+03
      width: 2.6512072753906250e+02
      height: 1.1418948364257812e+02
      angle: 1.7291587591171265e+00
   -
      center_x: 1.8390063476562500e+03
      center_y: 1.0703303222656250e+03
      width: 3.0048129272460938e+02
      height: 1.0583022308349609e+02
      angle: 3.2432925701141357e+00
   -
      center_x: 1.7949998779296875e+03
      center_y: 264.
      width: 1.5520404052734375e+02
      height: 3.6923120117187500e+02
      angle: 8.7355064392089844e+01
   -
      center_x: 2.0174998779296875e+03
      center_y: 1.2739998779296875e+03
      width: 1.6477452087402344e+02
      height: 1.3028569030761719e+02
      angle: 2.8271243572235107e+00
