%YAML:1.0
---
rects:
   -
      x: 1824
      y: 556
      width: 118
      height: 401
