%YAML:1.0
---
rects:
   -
      center_x: 1.1469088134765625e+03
      center_y: 7.7308099365234375e+02
      width: 1.2222158813476562e+02
      height: 2.5612496948242188e+02
      angle: 8.8210090637207031e+01
   -
      center_x: 4.9550000000000000e+02
      center_y: 1.7100003051757812e+02
      width: 1.0596790313720703e+02
      height: 3.2770687866210938e+02
      angle: 8.8589927673339844e+01
   -
      center_x: 3.5143328857421875e+02
      center_y: 4.3508956909179688e+02
      width: 9.8220909118652344e+01
      height: 2.7411676025390625e+02
      angle: 8.8327606201171875e+01
   -
      center_x: 222.
      center_y: 1.7050000000000000e+02
      width: 1.3124327087402344e+02
      height: 2.4896626281738281e+02
      angle: 8.6308616638183594e+01
   -
      center_x: 3.5849996948242188e+02
      center_y: 1746.
      width: 1.2199998474121094e+02
      height: 3.2499993896484375e+02
      angle: 90.
   -
      center_x: 2.6024533081054688e+02
      center_y: 3.3188955688476562e+02
      width: 1.0638139343261719e+02
      height: 2.5743225097656250e+02
      angle: 8.5146903991699219e+01
   -
      center_x: 2.0459273681640625e+03
      center_y: 1.9009407958984375e+03
      width: 2.9044104003906250e+02
      height: 1.0627974700927734e+02
      angle: 3.1579446792602539e+00
   -
      center_x: 2.0985000000000000e+03
      center_y: 1734.
      width: 3.4603674316406250e+02
      height: 1.1429604339599609e+02
      angle: 2.6785509586334229e+00
   -
      center_x: 1936.
      center_y: 439.
      width: 316.
      height: 114.
      angle: 0.
   -
      center_x: 1.0797768554687500e+03
      center_y: 9.4791625976562500e+02
      width: 1.1421965789794922e+02
      height: 2.6512072753906250e+02
      angle: 8.8270843505859375e+01
   -
      center_x: 3.9478332519531250e+02
      center_y: 1.9209208984375000e+03
      width: 2.7411676025390625e+02
      height: 1.2221068572998047e+02
      angle: 1.6723942756652832e+00
   -
      center_x: 3.7150000000000000e+02
      center_y: 1.5465000000000000e+03
      width: 1.7916925048828125e+02
      height: 2.9327868652343750e+02
      angle: 8.6852882385253906e+01
   -
      center_x: 1791.
      center_y: 1.6650000000000000e+02
      width: 139.
      height: 180.
      angle: 90.
