%YAML:1.0
---
rects:
   -
      x: 1051
      y: 1008
      width: 127
      height: 253
