%YAML:1.0
---
rects:
   -
      center_x: 1.5587054443359375e+03
      center_y: 9.8093621826171875e+02
      width: 1.3015332031250000e+02
      height: 4.0207955932617188e+02
      angle: 8.8859931945800781e+01
   -
      center_x: 2120.
      center_y: 1005.
      width: 106.
      height: 290.
      angle: 90.
   -
      center_x: 1.0384998779296875e+03
      center_y: 260.
      width: 1.2999996948242188e+02
      height: 2.9899993896484375e+02
      angle: 90.
   -
      center_x: 4.0789614868164062e+02
      center_y: 2.2344371032714844e+02
      width: 2.9910699462890625e+02
      height: 1.7917668151855469e+02
      angle: 1.5326317548751831e+00
   -
      center_x: 1.5539432373046875e+03
      center_y: 2.9267742919921875e+02
      width: 2.8251193237304688e+02
      height: 9.7822410583496094e+01
      angle: 3.4498262405395508e+00
