%YAML:1.0
---
rects:
   -
      x: 740
      y: 352
      width: 137
      height: 310
