%YAML:1.0
---
rects:
   -
      center_x: 2.8454943847656250e+02
      center_y: 6.4307537841796875e+02
      width: 9.8283058166503906e+01
      height: 3.0841531372070312e+02
      angle: 8.7026268005371094e+01
   -
      center_x: 2.6450000000000000e+02
      center_y: 3.8600003051757812e+02
      width: 9.7966751098632812e+01
      height: 3.0965710449218750e+02
      angle: 8.8507286071777344e+01
   -
      center_x: 9.5465942382812500e+02
      center_y: 3.3340466308593750e+02
      width: 9.7904617309570312e+01
      height: 3.8537518310546875e+02
      angle: 8.7471694946289062e+01
   -
      center_x: 2056.
      center_y: 2015.
      width: 106.
      height: 282.
      angle: 90.
   -
      center_x: 3.0077478027343750e+02
      center_y: 5.0443078613281250e+02
      width: 1.1422515106201172e+02
      height: 4.3633135986328125e+02
      angle: 8.7767120361328125e+01
   -
      center_x: 675.
      center_y: 1392.
      width: 1.0596769714355469e+02
      height: 3.2671524047851562e+02
      angle: 8.8585578918457031e+01
   -
      center_x: 1.9144997558593750e+03
      center_y: 2.6659997558593750e+03
      width: 1.2199998474121094e+02
      height: 3.2499993896484375e+02
      angle: 90.
   -
      center_x: 1.7355000000000000e+03
      center_y: 1302.
      width: 359.
      height: 114.
      angle: 0.
   -
      center_x: 1.7535666503906250e+03
      center_y: 2.3080510253906250e+03
      width: 3.3338412475585938e+02
      height: 1.2224334716796875e+02
      angle: 2.7508347034454346e+00
   -
      center_x: 1.7225001220703125e+03
      center_y: 2951.
      width: 3.1107403564453125e+02
      height: 1.2230261993408203e+02
      angle: 2.9737310409545898e+00
   -
      center_x: 1778.
      center_y: 2.7965000000000000e+03
      width: 3.9674057006835938e+02
      height: 1.3097300720214844e+02
      angle: 1.1632062196731567e+00
   -
      center_x: 1.6606390380859375e+03
      center_y: 2.1944277954101562e+02
      width: 1.3916424560546875e+02
      height: 2.9910699462890625e+02
      angle: 8.8467369079589844e+01
   -
      center_x: 4.3150000000000000e+02
      center_y: 199.
      width: 9.7941291809082031e+01
      height: 2.3453039550781250e+02
      angle: 8.8016517639160156e+01
   -
      center_x: 1.7651156616210938e+02
      center_y: 1.9494552612304688e+02
      width: 1.3819857788085938e+02
      height: 2.2214408874511719e+02
      angle: 8.7936172485351562e+01
   -
      center_x: 2.0345000000000000e+03
      center_y: 2125.
      width: 98.
      height: 273.
      angle: 90.
   -
      center_x: 1.7010002441406250e+03
      center_y: 3106.
      width: 2.3320748901367188e+02
      height: 1.0636853027343750e+02
      angle: 3.9622106552124023e+00
   -
      center_x: 1.0425000000000000e+03
      center_y: 1.3920001220703125e+03
      width: 2.5015731811523438e+02
      height: 1.1434291839599609e+02
      angle: 3.6913864612579346e+00
   -
      center_x: 1.6325000000000000e+03
      center_y: 2.6459997558593750e+03
      width: 1.2999996948242188e+02
      height: 2.3899996948242188e+02
      angle: 90.
   -
      center_x: 2.0514997558593750e+03
      center_y: 2.3284997558593750e+03
      width: 9.6999984741210938e+01
      height: 2.5699993896484375e+02
      angle: 90.
   -
      center_x: 179.
      center_y: 883.
      width: 106.
      height: 240.
      angle: 90.
   -
      center_x: 3.3750000000000000e+02
      center_y: 1380.
      width: 106.
      height: 231.
      angle: 90.
   -
      center_x: 1.5985000000000000e+03
      center_y: 3.7400003051757812e+02
      width: 2.6092028808593750e+02
      height: 1.2194092559814453e+02
      angle: 1.7829506397247314e+00
   -
      center_x: 1.8345462036132812e+02
      center_y: 7.6442468261718750e+02
      width: 1.1435470581054688e+02
      height: 1.8867608642578125e+02
      angle: 8.5486007690429688e+01
   -
      center_x: 1.6624998779296875e+03
      center_y: 2516.
      width: 2.3990234375000000e+02
      height: 1.1427976989746094e+02
      angle: 3.8299858570098877e+00
   -
      center_x: 1.9235000000000000e+03
      center_y: 2.1550000000000000e+02
      width: 139.
      height: 239.
      angle: 90.
   -
      center_x: 1.8487272949218750e+03
      center_y: 1.1439309082031250e+03
      width: 2.0515600585937500e+02
      height: 1.1422524261474609e+02
      angle: 2.2347989082336426e+00
   -
      center_x: 1641.
      center_y: 1.1195000000000000e+03
      width: 2.8548800659179688e+02
      height: 1.6316131591796875e+02
      angle: 1.6249763965606689e+00
   -
      center_x: 2.0855000000000000e+03
      center_y: 1156.
      width: 257.
      height: 114.
      angle: 0.
