%YAML:1.0
---
rects:
   -
      x: 1089
      y: 1085
      width: 139
      height: 255
