%YAML:1.0
---
rects:
   -
      center_x: 1.1365000000000000e+03
      center_y: 8.3850000000000000e+02
      width: 163.
      height: 393.
      angle: 90.
   -
      center_x: 615.
      center_y: 2.1899996948242188e+02
      width: 1.1399998474121094e+02
      height: 2.8999993896484375e+02
      angle: 90.
   -
      center_x: 2043.
      center_y: 2.0595000000000000e+03
      width: 2.4618402099609375e+02
      height: 1.0719340515136719e+02
      angle: 5.9715657234191895e+00
   -
      center_x: 461.
      center_y: 476.
      width: 9.7973197937011719e+01
      height: 3.4438528442382812e+02
      angle: 8.8659996032714844e+01
   -
      center_x: 3.5450000000000000e+02
      center_y: 1.9780001220703125e+03
      width: 3.0506594848632812e+02
      height: 1.5596081542968750e+02
      angle: 4.7794995307922363e+00
   -
      center_x: 2.0987739257812500e+03
      center_y: 1.7132678222656250e+03
      width: 2.9143954467773438e+02
      height: 1.5569953918457031e+02
      angle: 3.1471142768859863e+00
   -
      center_x: 2120.
      center_y: 1.8805000000000000e+03
      width: 3.2156512451171875e+02
      height: 1.1431913757324219e+02
      angle: 5.9431381225585938e+00
   -
      center_x: 3.0347634887695312e+02
      center_y: 1.7828863525390625e+03
      width: 2.7446566772460938e+02
      height: 1.4727525329589844e+02
      angle: 3.5035319328308105e+00
   -
      center_x: 3.7999996948242188e+02
      center_y: 3.7399996948242188e+02
      width: 2.8199993896484375e+02
      height: 9.7999984741210938e+01
      angle: 0.
   -
      center_x: 3.7548739624023438e+02
      center_y: 1.5991535644531250e+03
      width: 2.1914605712890625e+02
      height: 4.1930480957031250e+02
      angle: 8.7907936096191406e+01
   -
      center_x: 423.
      center_y: 2149.
      width: 3.0334204101562500e+02
      height: 1.3207427978515625e+02
      angle: 6.2981243133544922e+00
   -
      center_x: 1.1455000000000000e+03
      center_y: 1.0215000000000000e+03
      width: 1.1497145843505859e+02
      height: 3.6165115356445312e+02
      angle: 8.8723434448242188e+01
   -
      center_x: 1.0725000000000000e+03
      center_y: 1909.
      width: 231.
      height: 138.
      angle: 0.
   -
      center_x: 1158.
      center_y: 1718.
      width: 384.
      height: 212.
      angle: 0.
   -
      center_x: 2.9657073974609375e+02
      center_y: 2.1491186523437500e+02
      width: 1.1427954864501953e+02
      height: 1.8817012023925781e+02
      angle: 8.7563346862792969e+01
