%YAML:1.0
---
rects:
   -
      x: 647
      y: 1579
      width: 101
      height: 131
   -
      x: 1344
      y: 1154
      width: 107
      height: 135
