%YAML:1.0
---
rects:
   -
      center_x: 3.9699993896484375e+02
      center_y: 2.4800001525878906e+02
      width: 1.2223246002197266e+02
      height: 4.8418930053710938e+02
      angle: 8.8086868286132812e+01
   -
      center_x: 919.
      center_y: 1982.
      width: 2.4799996948242188e+02
      height: 1.2199998474121094e+02
      angle: 0.
   -
      center_x: 1.4099998779296875e+03
      center_y: 4.4750000000000000e+02
      width: 3.0799993896484375e+02
      height: 9.6999984741210938e+01
      angle: 0.
   -
      center_x: 2.2825000000000000e+03
      center_y: 1.5265001220703125e+03
      width: 6.6881097412109375e+02
      height: 1.4698942565917969e+02
      angle: 6.8717283010482788e-01
   -
      center_x: 1.8817767333984375e+02
      center_y: 1.4302677001953125e+03
      width: 3.0098999023437500e+02
      height: 1.2325987243652344e+02
      angle: 3.7213132381439209e+00
   -
      center_x: 1.5815000000000000e+03
      center_y: 952.
      width: 228.
      height: 171.
      angle: 90.
   -
      center_x: 2.6050000000000000e+02
      center_y: 378.
      width: 1.0635498046875000e+02
      height: 2.5886990356445312e+02
      angle: 8.6423667907714844e+01
   -
      center_x: 1218.
      center_y: 806.
      width: 114.
      height: 282.
      angle: 90.
   -
      center_x: 2.3450000000000000e+02
      center_y: 4.9249996948242188e+02
      width: 9.0331779479980469e+01
      height: 2.5960388183593750e+02
      angle: 8.6215515136718750e+01
   -
      center_x: 6.6677197265625000e+02
      center_y: 1.9621246337890625e+03
      width: 2.3211335754394531e+02
      height: 1.1428035736083984e+02
      angle: 4.0141754150390625e+00
   -
      center_x: 1.3290816650390625e+03
      center_y: 1.4793419189453125e+03
      width: 3.0838507080078125e+02
      height: 2.1115159606933594e+02
      angle: 2.1713116168975830e+00
   -
      center_x: 1.2049998779296875e+03
      center_y: 2.0065000000000000e+03
      width: 2.2199996948242188e+02
      height: 1.5499996948242188e+02
      angle: 0.
   -
      center_x: 1.4529998779296875e+03
      center_y: 2015.
      width: 2.0599996948242188e+02
      height: 1.2199998474121094e+02
      angle: 0.
   -
      center_x: 1.1749998779296875e+03
      center_y: 4.4750000000000000e+02
      width: 9.6999984741210938e+01
      height: 2.1399996948242188e+02
      angle: 90.
   -
      center_x: 4.9280047607421875e+02
      center_y: 3.6590103149414062e+02
      width: 9.8346305847167969e+01
      height: 2.9143954467773438e+02
      angle: 8.6852882385253906e+01
   -
      center_x: 1.7100001525878906e+02
      center_y: 1.9250001220703125e+03
      width: 3.6995211791992188e+02
      height: 1.3926756286621094e+02
      angle: 2.6521317958831787e+00
   -
      center_x: 1.2905001220703125e+03
      center_y: 9.5250006103515625e+02
      width: 3.1759939575195312e+02
      height: 1.0637963104248047e+02
      angle: 4.5234723091125488e+00
   -
      center_x: 7.7749993896484375e+02
      center_y: 1445.
      width: 1.2991644287109375e+02
      height: 2.2780415344238281e+02
      angle: 8.7945426940917969e+01
   -
      center_x: 1.1495000000000000e+03
      center_y: 6.9200006103515625e+02
      width: 2.0839256286621094e+02
      height: 1.2221915435791016e+02
      angle: 2.2347989082336426e+00
   -
      center_x: 1.7310001220703125e+03
      center_y: 4.5550003051757812e+02
      width: 2.0615574645996094e+02
      height: 1.1435381317138672e+02
      angle: 4.7405109405517578e+00
   -
      center_x: 1.1705000000000000e+03
      center_y: 5.6550000000000000e+02
      width: 105.
      height: 205.
      angle: 90.
   -
      center_x: 6.4099993896484375e+02
      center_y: 480.
      width: 1.8799996948242188e+02
      height: 1.1399998474121094e+02
      angle: 0.
   -
      center_x: 1.1816475830078125e+03
      center_y: 1.7893359375000000e+02
      width: 1.3893357849121094e+02
      height: 2.9113916015625000e+02
      angle: 8.8228530883789062e+01
   -
      center_x: 1.5129998779296875e+03
      center_y: 5.6950000000000000e+02
      width: 2.2199996948242188e+02
      height: 1.3099996948242188e+02
      angle: 0.
   -
      center_x: 1141.
      center_y: 1.0785000000000000e+03
      width: 2.3992520141601562e+02
      height: 1.2233110046386719e+02
      angle: 4.0685796737670898e+00
   -
      center_x: 436.
      center_y: 480.
      width: 98.
      height: 154.
      angle: 90.
