%YAML:1.0
---
rects:
   -
      x: 1667
      y: 547
      width: 200
      height: 238
