%YAML:1.0
---
rects:
   -
      center_x: 1859.
      center_y: 183.
      width: 106.
      height: 282.
      angle: 90.
   -
      center_x: 1.8350000000000000e+02
      center_y: 2.2065000000000000e+03
      width: 265.
      height: 147.
      angle: 0.
   -
      center_x: 1.7435000000000000e+03
      center_y: 4.4750000000000000e+02
      width: 2.9099993896484375e+02
      height: 9.6999984741210938e+01
      angle: 0.
   -
      center_x: 581.
      center_y: 293.
      width: 290.
      height: 114.
      angle: 0.
   -
      center_x: 171.
      center_y: 1.3555000000000000e+03
      width: 1.1434809875488281e+02
      height: 3.6908206176757812e+02
      angle: 8.6103034973144531e+01
   -
      center_x: 1244.
      center_y: 1091.
      width: 114.
      height: 248.
      angle: 90.
   -
      center_x: 1.4915000000000000e+03
      center_y: 1526.
      width: 2.7884234619140625e+02
      height: 1.3122486877441406e+02
      angle: 1.8813015222549438e+00
   -
      center_x: 1.5945000000000000e+03
      center_y: 325.
      width: 98.
      height: 231.
      angle: 90.
   -
      center_x: 1457.
      center_y: 1074.
      width: 114.
      height: 248.
      angle: 90.
   -
      center_x: 1.4825000000000000e+03
      center_y: 1.6810001220703125e+03
      width: 2.6106005859375000e+02
      height: 1.3021768188476562e+02
      angle: 1.7899105548858643e+00
   -
      center_x: 1564.
      center_y: 1.7450000000000000e+02
      width: 139.
      height: 308.
      angle: 90.
   -
      center_x: 1.1625000000000000e+03
      center_y: 1.6730001220703125e+03
      width: 2.6067138671875000e+02
      height: 1.1394480133056641e+02
      angle: 1.7829506397247314e+00
   -
      center_x: 1.1495000000000000e+03
      center_y: 1539.
      width: 231.
      height: 114.
      angle: 0.
   -
      center_x: 2.1749998474121094e+02
      center_y: 293.
      width: 1.2999996948242188e+02
      height: 1.9699996948242188e+02
      angle: 90.
   -
      center_x: 5.5549993896484375e+02
      center_y: 1.4199998474121094e+02
      width: 1.2199998474121094e+02
      height: 2.3899996948242188e+02
      angle: 90.
   -
      center_x: 3.4600003051757812e+02
      center_y: 4.1100003051757812e+02
      width: 1.7484970092773438e+02
      height: 1.1429603576660156e+02
      angle: 2.6785511970520020e+00
   -
      center_x: 1.1665000000000000e+03
      center_y: 1.3879998779296875e+03
      width: 2.9899993896484375e+02
      height: 1.2199998474121094e+02
      angle: 0.
   -
      center_x: 1.7974966430664062e+02
      center_y: 1.5099836425781250e+03
      width: 1.3024494934082031e+02
      height: 3.6778387451171875e+02
      angle: 8.6258460998535156e+01
   -
      center_x: 2.3895000000000000e+03
      center_y: 1062.
      width: 1.2227230834960938e+02
      height: 3.8014532470703125e+02
      angle: 8.7563346862792969e+01
   -
      center_x: 2.1200002441406250e+03
      center_y: 1221.
      width: 1.9990629577636719e+02
      height: 1.5423834228515625e+02
      angle: 2.3254544734954834e+00
   -
      center_x: 1.4184998779296875e+03
      center_y: 2.2269997558593750e+03
      width: 1.2199998474121094e+02
      height: 2.0499996948242188e+02
      angle: 90.
   -
      center_x: 1.4445000000000000e+03
      center_y: 1213.
      width: 377.
      height: 114.
      angle: 0.
   -
      center_x: 2.1476416015625000e+03
      center_y: 1.4165646972656250e+03
      width: 2.6512072753906250e+02
      height: 1.2318537902832031e+02
      angle: 1.7291587591171265e+00
   -
      center_x: 4.3150000000000000e+02
      center_y: 525.
      width: 90.
      height: 231.
      angle: 90.
   -
      center_x: 2.4743393554687500e+03
      center_y: 1.4165092773437500e+03
      width: 1.3124365234375000e+02
      height: 2.7346847534179688e+02
      angle: 8.6645835876464844e+01
   -
      center_x: 581.
      center_y: 407.
      width: 114.
      height: 240.
      angle: 90.
   -
      center_x: 337.
      center_y: 1.6250000000000000e+02
      width: 131.
      height: 180.
      angle: 90.
