%YAML:1.0
---
rects:
   -
      center_x: 7.8050000000000000e+02
      center_y: 307.
      width: 3.0016653060913086e+01
      height: 1.1808470153808594e+02
      angle: 8.8058517456054688e+01
   -
      center_x: 4.1649996948242188e+02
      center_y: 460.
      width: 3.3014461517333984e+01
      height: 1.3630497741699219e+02
      angle: 8.7894485473632812e+01
   -
      center_x: 1.2740567016601562e+02
      center_y: 4.7650372314453125e+02
      width: 4.6043064117431641e+01
      height: 1.2709837341308594e+02
      angle: 8.7745422363281250e+01
   -
      center_x: 139.
      center_y: 288.
      width: 3.9044227600097656e+01
      height: 1.2905638122558594e+02
      angle: 8.5978012084960938e+01
   -
      center_x: 4.5800003051757812e+02
      center_y: 2.9750003051757812e+02
      width: 6.4414001464843750e+01
      height: 2.5996824264526367e+01
      angle: 8.9517372846603394e-01
   -
      center_x: 6.7350000000000000e+02
      center_y: 1.2400000762939453e+02
      width: 3.5013687133789062e+01
      height: 4.4215854644775391e+01
      angle: 8.8698051452636719e+01
   -
      center_x: 3.7760931396484375e+02
      center_y: 2.9802014160156250e+02
      width: 4.3097423553466797e+01
      height: 9.7128791809082031e+01
      angle: 8.7049217224121094e+01
   -
      center_x: 4.1850000000000000e+02
      center_y: 5.0400003051757812e+02
      width: 2.9068702697753906e+01
      height: 1.0733131408691406e+02
      angle: 8.6257019042968750e+01
   -
      center_x: 7.1649993896484375e+02
      center_y: 6.3000003814697266e+01
      width: 2.3020879745483398e+01
      height: 8.6249862670898438e+01
      angle: 8.8002113342285156e+01
   -
      center_x: 7.2750000000000000e+02
      center_y: 1.1949998474121094e+02
      width: 2.9068454742431641e+01
      height: 6.3285278320312500e+01
      angle: 8.6367057800292969e+01
