%YAML:1.0
---
rects:
   -
      x: 247
      y: 172
      width: 21
      height: 18
   -
      x: 303
      y: 228
      width: 22
      height: 16
   -
      x: 587
      y: 422
      width: 21
      height: 19
   -
      x: 597
      y: 178
      width: 20
      height: 25
   -
      x: 911
      y: 151
      width: 27
      height: 29
