%YAML:1.0
---
rects:
   -
      center_x: 8.7100006103515625e+02
      center_y: 9.1500007629394531e+01
      width: 3.7118316650390625e+01
      height: 8.5855873107910156e+01
      angle: 8.4623291015625000e+01
   -
      center_x: 7.4250134277343750e+02
      center_y: 3.2604998779296875e+02
      width: 4.0012493133544922e+01
      height: 7.6026245117187500e+01
      angle: 8.8567901611328125e+01
   -
      center_x: 4.5316677856445312e+02
      center_y: 1.0950369262695312e+02
      width: 3.0009254455566406e+01
      height: 9.0005554199218750e+01
      angle: 8.9363410949707031e+01
   -
      center_x: 2.7650622558593750e+02
      center_y: 5.1022210693359375e+02
      width: 3.6013885498046875e+01
      height: 1.2806170654296875e+02
      angle: 8.8408859252929688e+01
   -
      center_x: 152.
      center_y: 1.0050000000000000e+02
      width: 29.
      height: 86.
      angle: 90.
   -
      center_x: 4.3977362060546875e+02
      center_y: 1.4700389099121094e+02
      width: 3.2012416839599609e+01
      height: 1.1701708221435547e+02
      angle: 8.9020683288574219e+01
   -
      center_x: 9.3188537597656250e+02
      center_y: 1.1951100921630859e+02
      width: 7.1085281372070312e+01
      height: 4.5010204315185547e+01
      angle: 1.6365771293640137e+00
   -
      center_x: 5.8449047851562500e+02
      center_y: 4.9462841796875000e+02
      width: 4.0038127899169922e+01
      height: 1.2803483581542969e+02
      angle: 8.8531196594238281e+01
   -
      center_x: 3.1250000000000000e+02
      center_y: 3.1250000000000000e+02
      width: 4.5044055938720703e+01
      height: 1.6537544250488281e+02
      angle: 8.7224197387695312e+01
   -
      center_x: 322.
      center_y: 137.
      width: 52.
      height: 22.
      angle: 0.
   -
      center_x: 1.2288275909423828e+02
      center_y: 1.4300689697265625e+02
      width: 3.0065675735473633e+01
      height: 3.4058773040771484e+01
      angle: 8.6633544921875000e+01
   -
      center_x: 8.9230969238281250e+02
      center_y: 1.6649546813964844e+02
      width: 4.2011898040771484e+01
      height: 2.6016435623168945e+01
      angle: 1.3639276027679443e+00
   -
      center_x: 9.2350006103515625e+02
      center_y: 167.
      width: 3.3060497283935547e+01
      height: 3.2000061035156250e+01
      angle: 3.5763344764709473e+00
