%YAML:1.0
---
rects:
   -
      center_x: 1.5000003051757812e+02
      center_y: 3.6950003051757812e+02
      width: 5.0155422210693359e+01
      height: 1.1916976165771484e+02
      angle: 8.4674255371093750e+01
   -
      center_x: 1.1260001220703125e+03
      center_y: 5.4150000000000000e+02
      width: 4.8362712860107422e+01
      height: 1.1826261901855469e+02
      angle: 8.1662551879882812e+01
   -
      center_x: 6.4200006103515625e+02
      center_y: 1.9850000000000000e+02
      width: 4.2426387786865234e+01
      height: 1.7780044555664062e+02
      angle: 8.1915473937988281e+01
   -
      center_x: 8.2052471923828125e+02
      center_y: 2.2923428344726562e+02
      width: 5.7314922332763672e+01
      height: 8.1497100830078125e+01
      angle: 8.3990989685058594e+01
   -
      center_x: 1.2952977294921875e+03
      center_y: 5.1497363281250000e+02
      width: 7.2337013244628906e+01
      height: 1.3553228759765625e+02
      angle: 8.4920394897460938e+01
   -
      center_x: 3.7598757934570312e+02
      center_y: 3.6976135253906250e+02
      width: 5.2083843231201172e+01
      height: 8.4095184326171875e+01
      angle: 2.7263109683990479e+00
   -
      center_x: 9.5006689453125000e+02
      center_y: 1.1546044921875000e+02
      width: 8.6209045410156250e+01
      height: 3.0286843872070312e+02
      angle: 8.6009094238281250e+01
   -
      center_x: 305.
      center_y: 3.5250000000000000e+02
      width: 69.
      height: 68.
      angle: 90.
   -
      center_x: 1.1490197753906250e+03
      center_y: 4.4169802856445312e+02
      width: 8.0399002075195312e+01
      height: 1.2666824340820312e+02
      angle: 8.4289405822753906e+01
   -
      center_x: 1037.
      center_y: 1.9349998474121094e+02
      width: 7.0453575134277344e+01
      height: 1.7381973266601562e+02
      angle: 8.3039031982421875e+01
   -
      center_x: 8.6756884765625000e+02
      center_y: 2.9400848388671875e+02
      width: 5.8028064727783203e+01
      height: 1.0201960754394531e+02
      angle: 8.8876701354980469e+01
   -
      center_x: 1.0472076416015625e+03
      center_y: 2.6797418212890625e+02
      width: 6.9583229064941406e+01
      height: 1.8642425537109375e+02
      angle: 8.2913108825683594e+01
   -
      center_x: 6.5018963623046875e+02
      center_y: 6.5046588134765625e+02
      width: 5.3132785797119141e+01
      height: 8.1098709106445312e+01
      angle: 8.7172874450683594e+01
   -
      center_x: 7.1350000000000000e+02
      center_y: 6.2850000000000000e+02
      width: 5.7031635284423828e+01
      height: 8.3650421142578125e+01
      angle: 8.8619644165039062e+01
   -
      center_x: 1.8497940063476562e+02
      center_y: 2.5023233032226562e+02
      width: 7.8230430603027344e+01
      height: 1.6251985168457031e+02
      angle: 8.5601287841796875e+01
