%YAML:1.0
---
rects:
   -
      x: 932
      y: 325
      width: 71
      height: 64
