%YAML:1.0
---
rects:
   -
      x: 422
      y: 851
      width: 182
      height: 454
