%YAML:1.0
---
rects:
   -
      center_x: 6.8839282226562500e+02
      center_y: 1.4245059814453125e+03
      width: 1.2120213317871094e+02
      height: 4.2867242431640625e+02
      angle: 8.6790519714355469e+01
   -
      center_x: 465.
      center_y: 727.
      width: 9.6187011718750000e+01
      height: 3.0077908325195312e+02
      angle: 8.6566368103027344e+01
   -
      center_x: 398.
      center_y: 552.
      width: 102.
      height: 248.
      angle: 90.
   -
      center_x: 4.7450000000000000e+02
      center_y: 238.
      width: 4.6064590454101562e+02
      height: 1.2014294433593750e+02
      angle: 2.2457425594329834e+00
   -
      center_x: 6.4350006103515625e+02
      center_y: 1.6385000000000000e+03
      width: 7.9169647216796875e+01
      height: 4.1888204956054688e+02
      angle: 8.8339714050292969e+01
   -
      center_x: 1.9034998779296875e+03
      center_y: 8.3550000000000000e+02
      width: 1.8785260009765625e+02
      height: 8.4955345153808594e+01
      angle: 1.8575903177261353e+00
   -
      center_x: 1.6704998779296875e+03
      center_y: 4.2849996948242188e+02
      width: 4.0899993896484375e+02
      height: 1.0899998474121094e+02
      angle: 0.
   -
      center_x: 1.7214998779296875e+03
      center_y: 2.5049998474121094e+02
      width: 4.0329687500000000e+02
      height: 1.2719144439697266e+02
      angle: 3.4165880680084229e+00
   -
      center_x: 2.8050000000000000e+02
      center_y: 407.
      width: 90.
      height: 153.
      angle: 90.
   -
      center_x: 4.3950000000000000e+02
      center_y: 413.
      width: 1.7659027099609375e+02
      height: 7.2200263977050781e+01
      angle: 1.9978798627853394e+00
   -
      center_x: 5.8950000000000000e+02
      center_y: 1.7715002441406250e+03
      width: 5.1389178466796875e+02
      height: 9.7186538696289062e+01
      angle: 2.0213649272918701e+00
   -
      center_x: 3.8550000000000000e+02
      center_y: 1.4485001220703125e+03
      width: 1.5115011596679688e+02
      height: 1.8001011657714844e+02
      angle: 8.8069412231445312e+01
