%YAML:1.0
---
rects:
   -
      center_x: 2.5787405395507812e+02
      center_y: 1.2254637451171875e+03
      width: 8.0302139282226562e+01
      height: 1.9691873168945312e+02
      angle: 8.4463111877441406e+01
   -
      center_x: 366.
      center_y: 8.9599993896484375e+02
      width: 1.0098816680908203e+02
      height: 1.9756869506835938e+02
      angle: 8.9123092651367188e+01
   -
      center_x: 2.4565994262695312e+02
      center_y: 1.1230151367187500e+03
      width: 7.3042274475097656e+01
      height: 1.6602708435058594e+02
      angle: 8.8964653015136719e+01
   -
      center_x: 3.3150003051757812e+02
      center_y: 3.7150000000000000e+02
      width: 7.9056930541992188e+01
      height: 1.6014993286132812e+02
      angle: 8.7852409362792969e+01
   -
      center_x: 7.5350006103515625e+02
      center_y: 6.6150000000000000e+02
      width: 7.0057998657226562e+01
      height: 1.6118893432617188e+02
      angle: 8.6780502319335938e+01
   -
      center_x: 1.0405000000000000e+03
      center_y: 6.4699993896484375e+02
      width: 9.6999984741210938e+01
      height: 6.3999992370605469e+01
      angle: 0.
   -
      center_x: 4.6550000000000000e+02
      center_y: 2.3700001525878906e+02
      width: 1.2803091430664062e+02
      height: 3.8123101806640625e+02
      angle: 8.8191253662109375e+01
   -
      center_x: 4.9450000000000000e+02
      center_y: 1.2085001220703125e+03
      width: 1.1016309356689453e+02
      height: 1.5756298828125000e+02
      angle: 8.6719123840332031e+01
   -
      center_x: 4.6734014892578125e+02
      center_y: 1.1092242431640625e+03
      width: 1.0474662017822266e+02
      height: 1.4250401306152344e+02
      angle: 8.4857238769531250e+01
   -
      center_x: 4.4257910156250000e+02
      center_y: 5.3591766357421875e+02
      width: 1.0714622497558594e+02
      height: 2.7580062866210938e+02
      angle: 8.5633163452148438e+01
   -
      center_x: 3.7050000000000000e+02
      center_y: 1015.
      width: 211.
      height: 104.
      angle: 0.
   -
      center_x: 1.1274998779296875e+03
      center_y: 4.0049996948242188e+02
      width: 8.0044380187988281e+01
      height: 1.4940850830078125e+02
      angle: 8.8838752746582031e+01
   -
      center_x: 3.6155963134765625e+02
      center_y: 4.5189038085937500e+02
      width: 7.2933052062988281e+01
      height: 2.0819458007812500e+02
      angle: 8.7545974731445312e+01
   -
      center_x: 3.3450003051757812e+02
      center_y: 7.7700006103515625e+02
      width: 8.6052017211914062e+01
      height: 1.6033729553222656e+02
      angle: 8.7852409362792969e+01
   -
      center_x: 8.0203552246093750e+02
      center_y: 5.4041082763671875e+02
      width: 1.1903782653808594e+02
      height: 2.4514901733398438e+02
      angle: 8.8555870056152344e+01
