%YAML:1.0
---
rects:
   -
      center_x: 829.
      center_y: 9.7450000000000000e+02
      width: 5.4907211303710938e+01
      height: 1.7466026306152344e+02
      angle: 7.8366371154785156e+01
   -
      center_x: 1.0225000000000000e+03
      center_y: 320.
      width: 9.5242019653320312e+01
      height: 2.3608041381835938e+02
      angle: 8.6820167541503906e+01
   -
      center_x: 4.2635931396484375e+02
      center_y: 3.5947515869140625e+02
      width: 7.0061447143554688e+01
      height: 1.6402742004394531e+02
      angle: 8.8952018737792969e+01
   -
      center_x: 1.1237595214843750e+03
      center_y: 6.0767797851562500e+02
      width: 7.4106124877929688e+01
      height: 2.6771066284179688e+02
      angle: 8.1839630126953125e+01
   -
      center_x: 4.7075836181640625e+02
      center_y: 4.4696051025390625e+02
      width: 8.6195671081542969e+01
      height: 1.9226022338867188e+02
      angle: 8.7018539428710938e+01
   -
      center_x: 5.3599377441406250e+02
      center_y: 2.0426101684570312e+02
      width: 1.1503912353515625e+02
      height: 3.6513665771484375e+02
      angle: 8.8505661010742188e+01
   -
      center_x: 1.0579349365234375e+03
      center_y: 9.4250537109375000e+02
      width: 8.3294555664062500e+01
      height: 1.4549569702148438e+02
      angle: 8.5269058227539062e+01
   -
      center_x: 3.1530947875976562e+02
      center_y: 9.3295642089843750e+02
      width: 8.6037033081054688e+01
      height: 1.8626861572265625e+02
      angle: 8.6922546386718750e+01
   -
      center_x: 1.0285112304687500e+03
      center_y: 7.5696319580078125e+02
      width: 1.2406067657470703e+02
      height: 2.5007197570800781e+02
      angle: 8.8602821350097656e+01
   -
      center_x: 4.9750000000000000e+02
      center_y: 9.1850006103515625e+02
      width: 9.5873672485351562e+01
      height: 1.4716737365722656e+02
      angle: 8.1313652038574219e+01
   -
      center_x: 6.8807745361328125e+02
      center_y: 3.5489309692382812e+02
      width: 1.7348773193359375e+02
      height: 9.5482231140136719e+01
      angle: 4.2973866462707520e+00
   -
      center_x: 9.7899987792968750e+02
      center_y: 877.
      width: 7.0337364196777344e+01
      height: 1.3723213195800781e+02
      angle: 8.3240921020507812e+01
   -
      center_x: 7.1000006103515625e+02
      center_y: 436.
      width: 9.9467658996582031e+01
      height: 1.7915965270996094e+02
      angle: 8.5775596618652344e+01
   -
      center_x: 5.1700012207031250e+02
      center_y: 9.9600012207031250e+02
      width: 1.0027925109863281e+02
      height: 1.9521289062500000e+02
      angle: 8.1410873413085938e+01
