%YAML:1.0
---
rects:
   -
      x: 744
      y: 341
      width: 70
      height: 52
