%YAML:1.0
---
rects:
   -
      center_x: 3.5850000000000000e+02
      center_y: 7.5750000000000000e+02
      width: 8.5210990905761719e+01
      height: 1.4962985229492188e+02
      angle: 8.6160408020019531e+01
   -
      center_x: 5.2700006103515625e+02
      center_y: 6.6150000000000000e+02
      width: 7.5219207763671875e+01
      height: 1.0792158508300781e+02
      angle: 8.6760299682617188e+01
   -
      center_x: 7.1195709228515625e+02
      center_y: 1.5152749633789062e+02
      width: 9.7179313659667969e+01
      height: 2.3730361938476562e+02
      angle: 8.7101417541503906e+01
   -
      center_x: 1.7599996948242188e+02
      center_y: 7.6850006103515625e+02
      width: 8.5584449768066406e+01
      height: 2.1788142395019531e+02
      angle: 8.3659812927246094e+01
   -
      center_x: 1.9524700927734375e+02
      center_y: 2.5353486633300781e+02
      width: 9.7173675537109375e+01
      height: 2.1623132324218750e+02
      angle: 8.7349311828613281e+01
   -
      center_x: 2.0103492736816406e+02
      center_y: 6.6151293945312500e+02
      width: 1.1106814575195312e+02
      height: 2.1708291625976562e+02
      angle: 8.8416198730468750e+01
