%YAML:1.0
---
rects:
   -
      center_x: 9.6197375488281250e+02
      center_y: 6.1550140380859375e+02
      width: 5.6080272674560547e+01
      height: 1.3318408203125000e+02
      angle: 8.6987213134765625e+01
   -
      center_x: 3.3500003051757812e+02
      center_y: 6.3150000000000000e+02
      width: 7.9477516174316406e+01
      height: 2.5587559509277344e+02
      angle: 8.1837936401367188e+01
   -
      center_x: 4.0150006103515625e+02
      center_y: 7.6300006103515625e+02
      width: 9.9399169921875000e+01
      height: 2.2254168701171875e+02
      angle: 8.4031661987304688e+01
   -
      center_x: 5.4350000000000000e+02
      center_y: 8.9449993896484375e+02
      width: 9.2187576293945312e+01
      height: 2.1886856079101562e+02
      angle: 8.5520538330078125e+01
   -
      center_x: 2.4886575317382812e+02
      center_y: 9.1427685546875000e+02
      width: 8.2492431640625000e+01
      height: 1.8839306640625000e+02
      angle: 8.3736511230468750e+01
   -
      center_x: 1.2294998779296875e+03
      center_y: 717.
      width: 2.3032725524902344e+02
      height: 1.2097259521484375e+02
      angle: 3.2921471595764160e+00
   -
      center_x: 3.7903540039062500e+02
      center_y: 9.0004125976562500e+02
      width: 9.2195442199707031e+01
      height: 1.2419268035888672e+02
      angle: 8.6268600463867188e+01
   -
      center_x: 855.
      center_y: 8.7450000000000000e+02
      width: 1.1532184600830078e+02
      height: 2.6093267822265625e+02
      angle: 8.4223197937011719e+01
   -
      center_x: 7.1000006103515625e+02
      center_y: 6.1350000000000000e+02
      width: 7.2051918029785156e+01
      height: 2.2261518859863281e+02
      angle: 8.6633544921875000e+01
   -
      center_x: 5.6526702880859375e+02
      center_y: 1.3890367126464844e+02
      width: 1.1609741210937500e+02
      height: 2.1668870544433594e+02
      angle: 8.2842185974121094e+01
   -
      center_x: 5.3958422851562500e+02
      center_y: 2.7554980468750000e+02
      width: 8.9031654357910156e+01
      height: 1.8427153015136719e+02
      angle: 8.6889160156250000e+01
   -
      center_x: 5.6150000000000000e+02
      center_y: 7.5650000000000000e+02
      width: 1.1515603637695312e+02
      height: 1.2144583129882812e+02
      angle: 8.7161209106445312e+01
   -
      center_x: 7.9300006103515625e+02
      center_y: 7.3350000000000000e+02
      width: 1.1135643768310547e+02
      height: 3.8999069213867188e+02
      angle: 8.4685455322265625e+01
   -
      center_x: 7.1700006103515625e+02
      center_y: 395.
      width: 7.2053886413574219e+01
      height: 1.7639794921875000e+02
      angle: 8.6729507446289062e+01
