%YAML:1.0
---
rects:
   -
      x: 167
      y: 429
      width: 89
      height: 64
   -
      x: 377
      y: 412
      width: 71
      height: 59
   -
      x: 1057
      y: 599
      width: 62
      height: 61
