%YAML:1.0
---
rects:
   -
      center_x: 2.7987854003906250e+02
      center_y: 1.7416547851562500e+03
      width: 6.0256729125976562e+01
      height: 2.1199291992187500e+02
      angle: 8.2137451171875000e+01
   -
      center_x: 2.3300747680664062e+02
      center_y: 1.6394992675781250e+03
      width: 6.6366531372070312e+01
      height: 2.0061531066894531e+02
      angle: 8.4546081542968750e+01
   -
      center_x: 3.0985131835937500e+02
      center_y: 1.3923918457031250e+03
      width: 9.1507652282714844e+01
      height: 2.7587863159179688e+02
      angle: 8.5426078796386719e+01
   -
      center_x: 5.7350000000000000e+02
      center_y: 1.5650000000000000e+02
      width: 9.7480560302734375e+01
      height: 2.9039892578125000e+02
      angle: 8.5616561889648438e+01
   -
      center_x: 5.2771142578125000e+02
      center_y: 5.0248419189453125e+02
      width: 8.8276962280273438e+01
      height: 1.7448498535156250e+02
      angle: 8.5727218627929688e+01
   -
      center_x: 5.4456445312500000e+02
      center_y: 1.0121359863281250e+03
      width: 8.2585868835449219e+01
      height: 1.8087843322753906e+02
      angle: 8.1735504150390625e+01
   -
      center_x: 1.0326646728515625e+03
      center_y: 1.0354858398437500e+03
      width: 1.1344112396240234e+02
      height: 1.8768324279785156e+02
      angle: 8.5109603881835938e+01
   -
      center_x: 9.3150000000000000e+02
      center_y: 1.2575000000000000e+03
      width: 8.2606658935546875e+01
      height: 2.1483511352539062e+02
      angle: 8.3305770874023438e+01
   -
      center_x: 7.7300018310546875e+02
      center_y: 1.1740001220703125e+03
      width: 6.7263610839843750e+01
      height: 1.7671331787109375e+02
      angle: 7.9520385742187500e+01
   -
      center_x: 9.3054669189453125e+02
      center_y: 1.3388105468750000e+03
      width: 8.3716621398925781e+01
      height: 2.1341038513183594e+02
      angle: 7.9743186950683594e+01
   -
      center_x: 3.3249081420898438e+02
      center_y: 8.1384869384765625e+02
      width: 9.9443351745605469e+01
      height: 1.4567085266113281e+02
      angle: 8.1313652038574219e+01
   -
      center_x: 4.5547317504882812e+02
      center_y: 1.6062645263671875e+03
      width: 8.8566345214843750e+01
      height: 1.6410290527343750e+02
      angle: 8.3516921997070312e+01
   -
      center_x: 9.6250012207031250e+02
      center_y: 1.1395001220703125e+03
      width: 1.0438797760009766e+02
      height: 1.4497291564941406e+02
      angle: 8.4841445922851562e+01
   -
      center_x: 6.8449993896484375e+02
      center_y: 254.
      width: 1.1385869598388672e+02
      height: 2.2151567077636719e+02
      angle: 8.3487571716308594e+01
   -
      center_x: 8.9900006103515625e+02
      center_y: 9.2100012207031250e+02
      width: 1.2303228759765625e+02
      height: 1.8805067443847656e+02
      angle: 8.9080902099609375e+01
   -
      center_x: 8.6100006103515625e+02
      center_y: 7.8550006103515625e+02
      width: 8.1054809570312500e+01
      height: 1.8344242858886719e+02
      angle: 8.8122123718261719e+01
   -
      center_x: 1.8450000000000000e+02
      center_y: 8.3749987792968750e+02
      width: 1.0942285156250000e+02
      height: 1.4885108947753906e+02
      angle: 7.8996459960937500e+01
   -
      center_x: 5.4249993896484375e+02
      center_y: 1.7164998779296875e+03
      width: 7.9556106567382812e+01
      height: 1.9710105895996094e+02
      angle: 8.5260925292968750e+01
   -
      center_x: 3.4422241210937500e+02
      center_y: 1.4980151367187500e+03
      width: 1.0117652893066406e+02
      height: 1.6724234008789062e+02
      angle: 8.6915191650390625e+01
   -
      center_x: 7.2549987792968750e+02
      center_y: 1.7055000000000000e+03
      width: 1.3448123168945312e+02
      height: 1.1403858947753906e+02
      angle: 1.2825270891189575e+00
   -
      center_x: 2.4239678955078125e+02
      center_y: 1.2809658203125000e+03
      width: 1.1014889526367188e+02
      height: 1.5711460876464844e+02
      angle: 8.7811416625976562e+01
