%YAML:1.0
---
rects:
   -
      center_x: 300.
      center_y: 1.9250000000000000e+02
      width: 1.0716635131835938e+02
      height: 3.5729031372070312e+02
      angle: 8.6463752746582031e+01
   -
      center_x: 4.1799993896484375e+02
      center_y: 811.
      width: 1.0139277648925781e+02
      height: 1.1857279968261719e+02
      angle: 8.5601287841796875e+01
   -
      center_x: 6.1850006103515625e+02
      center_y: 3.3450000000000000e+02
      width: 1.6803431701660156e+02
      height: 9.2165374755859375e+01
      angle: 5.1944293975830078e+00
   -
      center_x: 9.6949993896484375e+02
      center_y: 3.0600003051757812e+02
      width: 4.6953070068359375e+02
      height: 8.3054000854492188e+01
      angle: 8.7802093505859375e+01
   -
      center_x: 2.2049998474121094e+02
      center_y: 7.0550000000000000e+02
      width: 1.1074948883056641e+02
      height: 2.1094209289550781e+02
      angle: 8.4234863281250000e+01
   -
      center_x: 677.
      center_y: 710.
      width: 6.7593559265136719e+01
      height: 2.1353012084960938e+02
      angle: 8.3242904663085938e+01
   -
      center_x: 617.
      center_y: 4.4050006103515625e+02
      width: 9.2166839599609375e+01
      height: 1.4688182067871094e+02
      angle: 8.4841445922851562e+01
