%YAML:1.0
---
rects:
   -
      center_x: 5.5950006103515625e+02
      center_y: 1.1049999237060547e+02
      width: 9.0087524414062500e+01
      height: 3.3373971557617188e+02
      angle: 8.7764366149902344e+01
   -
      center_x: 3.1149508666992188e+02
      center_y: 5.5040936279296875e+02
      width: 1.1016352081298828e+02
      height: 2.3535923767089844e+02
      angle: 8.6877868652343750e+01
   -
      center_x: 5.2702227783203125e+02
      center_y: 7.4824285888671875e+02
      width: 9.9316749572753906e+01
      height: 2.3602717590332031e+02
      angle: 8.4752861022949219e+01
   -
      center_x: 445.
      center_y: 2.5500003051757812e+02
      width: 8.9020919799804688e+01
      height: 3.8867883300781250e+02
      angle: 8.8376068115234375e+01
   -
      center_x: 9.2430535888671875e+02
      center_y: 2.4697830200195312e+02
      width: 2.7066769409179688e+02
      height: 1.2280003356933594e+02
      angle: 6.3635683059692383e+00
   -
      center_x: 807.
      center_y: 515.
      width: 1.1229184722900391e+02
      height: 3.2378781127929688e+02
      angle: 8.0916725158691406e+01
   -
      center_x: 8.6550006103515625e+02
      center_y: 3.9250000000000000e+02
      width: 9.4191162109375000e+01
      height: 2.2964761352539062e+02
      angle: 8.6252349853515625e+01
