%YAML:1.0
---
rects:
   -
      x: 653
      y: 389
      width: 70
      height: 63
