%YAML:1.0
---
rects:
   -
      center_x: 3.4900003051757812e+02
      center_y: 5.3900006103515625e+02
      width: 6.8730781555175781e+01
      height: 2.4069912719726562e+02
      angle: 8.1869895935058594e+01
   -
      center_x: 5.9550006103515625e+02
      center_y: 1032.
      width: 9.2534660339355469e+01
      height: 2.3121060180664062e+02
      angle: 8.4512443542480469e+01
   -
      center_x: 6.2450006103515625e+02
      center_y: 1.3114998779296875e+03
      width: 6.8239707946777344e+01
      height: 1.3925996398925781e+02
      angle: 7.9992019653320312e+01
   -
      center_x: 3.0900006103515625e+02
      center_y: 946.
      width: 5.0008571624755859e+01
      height: 1.8846519470214844e+02
      angle: 7.8032897949218750e+01
   -
      center_x: 2.0731936645507812e+02
      center_y: 7.6895471191406250e+02
      width: 6.8589965820312500e+01
      height: 1.5655352783203125e+02
      angle: 8.1921653747558594e+01
   -
      center_x: 217.
      center_y: 2.9050003051757812e+02
      width: 6.5369445800781250e+01
      height: 1.7266105651855469e+02
      angle: 8.4654556274414062e+01
   -
      center_x: 2.6699996948242188e+02
      center_y: 6.5900006103515625e+02
      width: 8.9934257507324219e+01
      height: 2.8676092529296875e+02
      angle: 8.2551284790039062e+01
   -
      center_x: 378.
      center_y: 7.3650000000000000e+02
      width: 8.4501083374023438e+01
      height: 1.7245454406738281e+02
      angle: 8.0537673950195312e+01
   -
      center_x: 8.4350012207031250e+02
      center_y: 2.5450001525878906e+02
      width: 9.5046699523925781e+01
      height: 1.7045855712890625e+02
      angle: 8.7978637695312500e+01
   -
      center_x: 4.4017651367187500e+02
      center_y: 2.6685125732421875e+02
      width: 9.8480316162109375e+01
      height: 1.7538528442382812e+02
      angle: 8.2793937683105469e+01
   -
      center_x: 8.3847912597656250e+02
      center_y: 3.8769946289062500e+02
      width: 1.0444253540039062e+02
      height: 2.5442926025390625e+02
      angle: 8.6035339355468750e+01
   -
      center_x: 4.4050000000000000e+02
      center_y: 1.1390001220703125e+03
      width: 5.8400169372558594e+01
      height: 1.3011692810058594e+02
      angle: 8.4644180297851562e+01
   -
      center_x: 251.
      center_y: 1.3115000000000000e+03
      width: 5.5878021240234375e+01
      height: 1.6143930053710938e+02
      angle: 8.1362861633300781e+01
   -
      center_x: 9.2687805175781250e+02
      center_y: 6.9548632812500000e+02
      width: 8.0036964416503906e+01
      height: 1.9302331542968750e+02
      angle: 8.9109458923339844e+01
   -
      center_x: 7.5846160888671875e+02
      center_y: 1.2996923828125000e+03
      width: 7.7645736694335938e+01
      height: 8.4095550537109375e+01
      angle: 8.2874984741210938e+01
   -
      center_x: 2.2650000000000000e+02
      center_y: 8.5700006103515625e+02
      width: 7.7097496032714844e+01
      height: 1.5487084960937500e+02
      angle: 8.1027374267578125e+01
   -
      center_x: 874.
      center_y: 1.2915000000000000e+03
      width: 7.4049743652343750e+01
      height: 1.3031361389160156e+02
      angle: 8.8667778015136719e+01
   -
      center_x: 7.3100006103515625e+02
      center_y: 1197.
      width: 8.3990707397460938e+01
      height: 1.9055067443847656e+02
      angle: 8.2385284423828125e+01
   -
      center_x: 7.3850012207031250e+02
      center_y: 5.2050006103515625e+02
      width: 8.6579437255859375e+01
      height: 1.2986915588378906e+02
      angle: 8.3367485046386719e+01
   -
      center_x: 9.7550000000000000e+02
      center_y: 1.1249999237060547e+02
      width: 1.0117792510986328e+02
      height: 2.7762750244140625e+02
      angle: 8.6694168090820312e+01
   -
      center_x: 1.0750000000000000e+02
      center_y: 983.
      width: 1.4641694641113281e+02
      height: 6.6985664367675781e+01
      angle: 1.1852607727050781e+00
   -
      center_x: 312.
      center_y: 1.6300001525878906e+02
      width: 9.2422729492187500e+01
      height: 2.0537292480468750e+02
      angle: 8.5493392944335938e+01
   -
      center_x: 7.8031542968750000e+02
      center_y: 6.0940283203125000e+02
      width: 8.6429397583007812e+01
      height: 2.0355343627929688e+02
      angle: 8.5774002075195312e+01
   -
      center_x: 9.7199993896484375e+02
      center_y: 4.9199996948242188e+02
      width: 9.5210273742675781e+01
      height: 8.7149337768554688e+01
      angle: 8.8132324218750000e+01
   -
      center_x: 8.5300012207031250e+02
      center_y: 5.0250006103515625e+02
      width: 9.5217124938964844e+01
      height: 1.3790830993652344e+02
      angle: 8.7455192565917969e+01
   -
      center_x: 3.7150000000000000e+02
      center_y: 8.3300006103515625e+02
      width: 6.6091140747070312e+01
      height: 9.5900794982910156e+01
      angle: 7.8690071105957031e+01
