%YAML:1.0
---
rects:
   -
      center_x: 7.6100006103515625e+02
      center_y: 7.4650006103515625e+02
      width: 9.4762596130371094e+01
      height: 3.4913760375976562e+02
      angle: 8.2589828491210938e+01
   -
      center_x: 1.0140001220703125e+03
      center_y: 724.
      width: 6.4627655029296875e+01
      height: 1.2284649658203125e+02
      angle: 8.1538711547851562e+01
   -
      center_x: 6.0750006103515625e+02
      center_y: 2.8650000000000000e+02
      width: 1.0117747497558594e+02
      height: 1.9172146606445312e+02
      angle: 8.6404991149902344e+01
   -
      center_x: 890.
      center_y: 6.0850006103515625e+02
      width: 1.0737767028808594e+02
      height: 4.2073632812500000e+02
      angle: 8.5089271545410156e+01
   -
      center_x: 3.2399996948242188e+02
      center_y: 9.7700006103515625e+02
      width: 1.4011201477050781e+02
      height: 4.1485018920898438e+02
      angle: 8.6666152954101562e+01
   -
      center_x: 1.0870001220703125e+03
      center_y: 4.3050000000000000e+02
      width: 9.7185203552246094e+01
      height: 2.8276498413085938e+02
      angle: 8.6347770690917969e+01
   -
      center_x: 4.3338787841796875e+02
      center_y: 1.8308105468750000e+02
      width: 1.1313719940185547e+02
      height: 3.4390985107421875e+02
      angle: 8.5831291198730469e+01
   -
      center_x: 2.0765611267089844e+02
      center_y: 8.3513195800781250e+02
      width: 8.7555686950683594e+01
      height: 2.9492083740234375e+02
      angle: 7.6122474670410156e+01
   -
      center_x: 1.1235173339843750e+03
      center_y: 7.1935162353515625e+02
      width: 6.1073722839355469e+01
      height: 1.2818933105468750e+02
      angle: 8.7184448242187500e+01
