%YAML:1.0
---
rects:
   -
      x: 56
      y: 376
      width: 54
      height: 57
   -
      x: 844
      y: 306
      width: 70
      height: 52
