%YAML:1.0
---
rects:
   -
      center_x: 2.0350001525878906e+02
      center_y: 3.9500003051757812e+02
      width: 5.3592964172363281e+01
      height: 1.2764325714111328e+02
      angle: 8.0463363647460938e+01
   -
      center_x: 3.4950003051757812e+02
      center_y: 1.5650000000000000e+02
      width: 7.4321746826171875e+01
      height: 1.6564501953125000e+02
      angle: 8.5467742919921875e+01
   -
      center_x: 1.2049999237060547e+02
      center_y: 4.9950000000000000e+02
      width: 8.0305068969726562e+01
      height: 1.8708581542968750e+02
      angle: 8.4777801513671875e+01
   -
      center_x: 7.3550000000000000e+02
      center_y: 3.4250003051757812e+02
      width: 7.2076400756835938e+01
      height: 1.7588346862792969e+02
      angle: 8.5044548034667969e+01
   -
      center_x: 1.3250000000000000e+02
      center_y: 5.8600006103515625e+02
      width: 7.0843727111816406e+01
      height: 2.0936611938476562e+02
      angle: 8.2259658813476562e+01
   -
      center_x: 260.
      center_y: 4.9850000000000000e+02
      width: 9.1999984741210938e+01
      height: 8.2999984741210938e+01
      angle: 0.
   -
      center_x: 8.1799993896484375e+02
      center_y: 4.4299996948242188e+02
      width: 9.3433845520019531e+01
      height: 2.1039514160156250e+02
      angle: 8.4262268066406250e+01
   -
      center_x: 317.
      center_y: 5.7250000000000000e+02
      width: 1.7355268859863281e+02
      height: 7.7925987243652344e+01
      angle: 8.1682350158691406e+01
   -
      center_x: 4.3249996948242188e+02
      center_y: 2.2749996948242188e+02
      width: 1.2099998474121094e+02
      height: 7.0999984741210938e+01
      angle: 0.
   -
      center_x: 3.0851394653320312e+02
      center_y: 3.8557278442382812e+02
      width: 8.2024375915527344e+01
      height: 1.1706273651123047e+02
      angle: 8.8602821350097656e+01
   -
      center_x: 4.4343896484375000e+02
      center_y: 1.5548669433593750e+02
      width: 1.0307389831542969e+02
      height: 6.6030296325683594e+01
      angle: 8.8264297485351562e+01
