%YAML:1.0
---
rects:
   -
      x: 468
      y: 436
      width: 147
      height: 467
