%YAML:1.0
---
rects:
   -
      x: 1469
      y: 1009
      width: 94
      height: 93
