%YAML:1.0
---
rects:
   -
      center_x: 519.
      center_y: 1038.
      width: 1.0407305908203125e+02
      height: 1.7108125305175781e+02
      angle: 8.7305717468261719e+01
   -
      center_x: 3.7950003051757812e+02
      center_y: 1168.
      width: 8.0155624389648438e+01
      height: 1.8266928100585938e+02
      angle: 8.6227714538574219e+01
   -
      center_x: 8.1687719726562500e+02
      center_y: 1.0359671630859375e+03
      width: 6.0107555389404297e+01
      height: 2.1414949035644531e+02
      angle: 8.7859107971191406e+01
   -
      center_x: 5.5174572753906250e+02
      center_y: 3.0810562133789062e+02
      width: 1.6077832031250000e+02
      height: 3.8134503173828125e+02
      angle: 8.5186447143554688e+01
   -
      center_x: 1.8514998779296875e+03
      center_y: 1112.
      width: 1.3206042480468750e+02
      height: 2.7932958984375000e+02
      angle: 8.8357559204101562e+01
   -
      center_x: 6.7250000000000000e+02
      center_y: 1176.
      width: 9.6055572509765625e+01
      height: 2.2934324645996094e+02
      angle: 8.8990486145019531e+01
