%YAML:1.0
---
rects:
   -
      center_x: 7.6435870361328125e+02
      center_y: 5.4370855712890625e+02
      width: 7.6236473083496094e+01
      height: 1.9589047241210938e+02
      angle: 8.5486007690429688e+01
   -
      center_x: 7.1322314453125000e+02
      center_y: 1.3384638671875000e+03
      width: 8.9038772583007812e+01
      height: 3.2039978027343750e+02
      angle: 8.7137596130371094e+01
   -
      center_x: 9.4450000000000000e+02
      center_y: 2.2850001525878906e+02
      width: 8.6811668395996094e+01
      height: 1.9543218994140625e+02
      angle: 8.0781074523925781e+01
   -
      center_x: 7.5500006103515625e+02
      center_y: 1.0605001220703125e+03
      width: 7.2249557495117188e+01
      height: 1.5654071044921875e+02
      angle: 8.5236351013183594e+01
   -
      center_x: 2.9697277832031250e+02
      center_y: 1.1254907226562500e+03
      width: 1.1002368927001953e+02
      height: 3.1301437377929688e+02
      angle: 8.9450859069824219e+01
   -
      center_x: 9.5596002197265625e+02
      center_y: 5.2172003173828125e+02
      width: 8.5418487548828125e+01
      height: 1.8384776306152344e+02
      angle: 8.1869895935058594e+01
   -
      center_x: 3.6649996948242188e+02
      center_y: 1.2565000000000000e+03
      width: 7.9049499511718750e+01
      height: 1.1723984527587891e+02
      angle: 8.7039062500000000e+01
   -
      center_x: 9.7732128906250000e+02
      center_y: 1.0905113525390625e+03
      width: 9.8036514282226562e+01
      height: 1.7902514648437500e+02
      angle: 8.9039825439453125e+01
   -
      center_x: 2.1309378051757812e+02
      center_y: 1.2615639648437500e+03
      width: 9.2222961425781250e+01
      height: 1.9820445251464844e+02
      angle: 8.7397445678710938e+01
   -
      center_x: 3.5850000000000000e+02
      center_y: 4.1900003051757812e+02
      width: 7.6925674438476562e+01
      height: 1.8339967346191406e+02
      angle: 7.9864250183105469e+01
   -
      center_x: 3.9300006103515625e+02
      center_y: 348.
      width: 9.4761772155761719e+01
      height: 1.6790533447265625e+02
      angle: 8.2450584411621094e+01
   -
      center_x: 7.4406762695312500e+02
      center_y: 4.7099343872070312e+02
      width: 6.3284915924072266e+01
      height: 1.5472877502441406e+02
      angle: 8.4436798095703125e+01
   -
      center_x: 6.3147589111328125e+02
      center_y: 6.6180438232421875e+02
      width: 7.3552703857421875e+01
      height: 2.3380514526367188e+02
      angle: 8.2971595764160156e+01
   -
      center_x: 2.6750000000000000e+02
      center_y: 1.9650001525878906e+02
      width: 9.8183219909667969e+01
      height: 3.2379324340820312e+02
      angle: 8.6633544921875000e+01
   -
      center_x: 9.3216973876953125e+02
      center_y: 4.5022659301757812e+02
      width: 9.4894668579101562e+01
      height: 1.4268449401855469e+02
      angle: 8.2126060485839844e+01
   -
      center_x: 7.9750000000000000e+02
      center_y: 8.6500006103515625e+02
      width: 8.9201881408691406e+01
      height: 2.1766950988769531e+02
      angle: 8.6045753479003906e+01
   -
      center_x: 9.2139947509765625e+02
      center_y: 9.5810467529296875e+02
      width: 9.4993202209472656e+01
      height: 1.0722872924804688e+02
      angle: 8.6257019042968750e+01
   -
      center_x: 5.5527380371093750e+02
      center_y: 9.8498144531250000e+02
      width: 6.0055004119873047e+01
      height: 2.4807257080078125e+02
      angle: 8.8614082336425781e+01
