%YAML:1.0
---
rects:
   -
      x: 1054
      y: 261
      width: 82
      height: 90
   -
      x: 1832
      y: 258
      width: 82
      height: 77
