%YAML:1.0
---
rects:
   -
      center_x: 4.0550006103515625e+02
      center_y: 2.2450000000000000e+02
      width: 1.0908325195312500e+02
      height: 2.8931445312500000e+02
      angle: 8.5999816894531250e+01
   -
      center_x: 2.1103776855468750e+03
      center_y: 3.9257147216796875e+02
      width: 1.1408740234375000e+02
      height: 3.3066751098632812e+02
      angle: 8.6358818054199219e+01
   -
      center_x: 2.2415000000000000e+03
      center_y: 1234.
      width: 215.
      height: 68.
      angle: 0.
   -
      center_x: 275.
      center_y: 393.
      width: 1.2701844024658203e+02
      height: 7.7138328552246094e+01
      angle: 2.2906100749969482e+00
   -
      center_x: 1.2750000000000000e+02
      center_y: 3.9250000000000000e+02
      width: 1.3056869506835938e+02
      height: 9.9125251770019531e+01
      angle: 2.6425452232360840e+00
   -
      center_x: 646.
      center_y: 217.
      width: 104.
      height: 170.
      angle: 90.
   -
      center_x: 2104.
      center_y: 196.
      width: 124.
      height: 300.
      angle: 90.
   -
      center_x: 2.2789262695312500e+03
      center_y: 1.0778669433593750e+03
      width: 1.3534217834472656e+02
      height: 9.3134307861328125e+01
      angle: 3.0774552822113037e+00
   -
      center_x: 1.1000000762939453e+02
      center_y: 4.8599993896484375e+02
      width: 1.2041552734375000e+02
      height: 1.2472411346435547e+02
      angle: 4.6106491088867188e+00
