%YAML:1.0
---
rects:
   -
      center_x: 1.7534277343750000e+03
      center_y: 3.0454620361328125e+02
      width: 9.7134452819824219e+01
      height: 2.0408818054199219e+02
      angle: 8.8315315246582031e+01
   -
      center_x: 3.6250000000000000e+02
      center_y: 8.6350000000000000e+02
      width: 1.0323219299316406e+02
      height: 3.1357476806640625e+02
      angle: 8.6698127746582031e+01
   -
      center_x: 4.9650000000000000e+02
      center_y: 1.4655001220703125e+03
      width: 2.9603005981445312e+02
      height: 1.4496958923339844e+02
      angle: 1.1731283664703369e+00
   -
      center_x: 1.5034998779296875e+03
      center_y: 3.1950000000000000e+02
      width: 1.4512406921386719e+02
      height: 2.8731341552734375e+02
      angle: 8.7605751037597656e+01
   -
      center_x: 2.5100003051757812e+02
      center_y: 5.4950000000000000e+02
      width: 1.4515841674804688e+02
      height: 3.3295950317382812e+02
      angle: 8.7923721313476562e+01
   -
      center_x: 1.4329998779296875e+03
      center_y: 5.6149993896484375e+02
      width: 2.0711628723144531e+02
      height: 1.0295546722412109e+02
      angle: 1.6846843957901001e+00
   -
      center_x: 2.7997442626953125e+02
      center_y: 3.1036102294921875e+02
      width: 1.5139892578125000e+02
      height: 3.0023989868164062e+02
      angle: 8.7709388732910156e+01
   -
      center_x: 3.0196002197265625e+02
      center_y: 7.0052203369140625e+02
      width: 1.4516485595703125e+02
      height: 2.9424481201171875e+02
      angle: 8.7662689208984375e+01
   -
      center_x: 1.8825000000000000e+03
      center_y: 1.3894998779296875e+03
      width: 2.6099993896484375e+02
      height: 9.6999984741210938e+01
      angle: 0.
   -
      center_x: 1.6565000000000000e+03
      center_y: 5.5550000000000000e+02
      width: 73.
      height: 217.
      angle: 90.
